   -0.11572566
    0.12148401
   -0.21942634
    0.08285863
   -0.04912996
   -0.03199341
   -0.04302334
   -0.03229039
   -0.05097098
    0.00077663
   -0.02979991
   -0.02995080
   -0.03635774
    0.01388170
   -0.03472470
   -0.02985979
   -0.02996937
   -0.03392782
    0.01230496
    0.05716881
    0.04720344
    0.06112768
    0.02725744
    0.02752910
    0.02494702
    0.02691948
    0.02311943
    0.03278895
    0.03712457
    0.03723222
    0.03571135
    0.03391199
    0.03296997
    0.03083284
