   -0.56483383
    0.63209827
   -0.59156994
   -0.31575410
    0.15100586
   -0.01335490
   -0.05429279
    0.00237503
   -0.03665279
   -0.03173589
   -0.03093564
   -0.03465664
    0.00821532
   -0.01185247
   -0.01232656
    0.14930692
   -0.33829170
   -0.01138378
   -0.05027455
    0.00550724
   -0.03569679
   -0.03181763
   -0.03125222
   -0.03426105
    0.00983687
    0.01942859
   -0.04412997
   -0.03669157
   -0.03388955
   -0.02990075
   -0.02599712
    0.01919749
   -0.04096431
   -0.03554333
   -0.03453313
   -0.03199206
   -0.03721921
    0.27200501
    0.04055435
    0.03547204
    0.03643598
    0.03444767
    0.03060250
    0.03943503
    0.03383903
    0.03346449
    0.03192689
    0.02892545
    0.02413193
    0.03263791
    0.03463508
    0.03272836
    0.04031656
    0.05913918
    0.02916070
    0.03247914
    0.03322112
    0.03144975
   -0.13322241
    0.11590549
   -0.05856115
    0.06976868
   -0.03650761
   -0.02629503
   -0.02609763
   -0.02240785
   -0.04147825
   -0.00039041
   -0.02901193
   -0.02642350
   -0.01326601
   -0.01401655
   -0.03187340
    0.09494584
    0.08921990
    0.10862938
    0.06065856
    0.05671472
    0.05392660
    0.05070692
    0.07496592
    0.05843662
    0.05483375
    0.05104532
    0.04444950
    0.08284049
    0.03621562
   -0.28479384
    0.34112408
   -0.46598194
   -0.06860276
    0.09099428
   -0.13498378
   -0.10221953
    0.09088136
   -0.13521091
   -0.06845961
    0.34293760
   -0.47072725
   -0.27726306
    0.03406342
   -0.05358175
    0.06961835
    0.05487842
    0.06023254
    0.09200436
    0.06950587
    0.06358818
    0.19328697
    0.07917934
    0.06736977
    0.08166682
    0.06354094
    0.07223555
    0.05856329
    0.06198112
    0.04828507
