           1           2   1.0062825458762052     
           2           3   1.7604999470667113     
           3           4   1.1396476135468043     
           4           5   1.3384593029759309     
           5           6   1.4571919767377275     
           6           7   1.4310565067699885     
           5           8  0.10318205695281270     
           7           8   1.4242932828522887     
           4           9   1.3406589126807489     
           6           9  0.10500842916673364     
           8           9   1.4645743052842888     
           2          10   1.0627147055653268     
          10          11   1.3795574820327561     
          11          12   1.4601330876721286     
          12          13   1.4032758600004860     
          13          14   1.0287319128952577     
          11          15  0.10099680520402166     
          13          15   1.3945505374459746     
          10          16   1.3668299538419395     
          12          16  0.10279835092548223     
          15          16   1.4723639901533896     
           1          17  0.96981512663547931     
           1          18  0.98164648318384096     
           1          19  0.96373192062203772     
           5          20  0.97093568510584893     
           6          21  0.97041871981747874     
           7          22  0.97222870668107442     
           8          23  0.97064360831261598     
           9          24  0.97088555419668920     
          11          25  0.96685442387173126     
          12          26  0.96917127770854694     
          14          27  0.98138491681755224     
          14          28  0.98068251430283904     
          14          29  0.96444070824726003     
          15          30  0.96854970592173029     
          16          31  0.96559793846496078     
