           1           2  0.96483526580496815     
           2           3   1.0972961076984018     
           2           4  0.15212810417310557     
           3           4   1.6489943902081825     
           3           5   1.0735425228997639     
           5           6   1.6255807246411571     
           6           7   1.0291295493250650     
           6           8   1.1512531223616931     
           8           9   1.1574947245636609     
           9          10   1.0298608762920447     
           9          11   1.6211698199600604     
          11          12   1.0776939034225030     
          12          13   1.6640779907534657     
          12          14   1.0853450137013174     
          13          14  0.15123863061772519     
          14          15  0.96350704731368209     
           5          16   1.0005359842275479     
          11          16  0.99788366520287664     
           1          17  0.98133744379615218     
           1          18  0.97692510985337710     
           1          19  0.97687759903829452     
           7          20  0.96774722522139034     
           7          21  0.96322946554867661     
           7          22  0.96399512770898377     
           8          23  0.92511700633310334     
          10          24  0.96214887805173377     
          10          25  0.97824186449446371     
          10          26  0.96020478478935289     
          15          27  0.97732175080513417     
          15          28  0.98105398953484402     
          15          29  0.97732276279247021     
          16          30  0.95948688670246551     
          16          31  0.95603907975124047     
