           1           2   1.0082239092223251     
           2           3   1.7664271513809853     
           3           4   1.1349192836342490     
           4           5   1.3406494058000662     
           5           6   1.4567151078584786     
           6           7   1.4313012030373682     
           5           8  0.10373623690019335     
           7           8   1.4252788817584650     
           4           9   1.3418920971592860     
           6           9  0.10532977279655048     
           8           9   1.4632066953050022     
           2          10   1.0566250644703077     
          10          11   1.3852630256021072     
          11          12   1.4516296446043526     
          10          13  0.10245194281185462     
          12          13   1.4357539195736444     
          11          14  0.10529072992499841     
          13          14   1.4268110759400108     
          10          15   1.3734567143906136     
          12          15  0.10713268247991128     
          14          15   1.4629237300859095     
           1          16  0.96141526825035672     
           1          17  0.96987696235161924     
           1          18  0.98139805631205768     
           5          19  0.97100806320651312     
           6          20  0.97028298746895125     
           7          21  0.97209056160640750     
           8          22  0.97044701556056079     
           9          23  0.97093575814571520     
          11          24  0.96674499195481089     
          12          25  0.97065917235428789     
          13          26  0.97109599164728455     
          14          27  0.97017136598951947     
          15          28  0.96593372826177348     
