           1           2   1.0071225556512515     
           2           3   1.7658662245778665     
           3           4   1.1374988027045574     
           4           5   1.3391839410767614     
           5           6   1.4567437326000203     
           6           7   1.4313737097962398     
           5           8  0.10336552141538093     
           7           8   1.4245821002140413     
           4           9   1.3413653441207147     
           6           9  0.10522017908327123     
           8           9   1.4641521676280589     
           2          10   1.0571865437062138     
          10          11   1.3854981382232241     
          11          12   1.4513320025285024     
          10          13  0.10238331833347608     
          12          13   1.4360403568036102     
          11          14  0.10510595547017870     
          13          14   1.4262643066462819     
          10          15   1.3727704600702599     
          12          15  0.10711478825493374     
          14          15   1.4636368103056701     
           1          16  0.96285694903259289     
           1          17  0.96973179209708915     
           1          18  0.98139738361447837     
           5          19  0.97088943981932363     
           6          20  0.97035249786840438     
           7          21  0.97218189554166490     
           8          22  0.97057943051004125     
           9          23  0.97083424457636514     
          11          24  0.96693900720088588     
          12          25  0.97083813247839446     
          13          26  0.97124207167552734     
          14          27  0.97029535176978188     
          15          28  0.96557826808942981     
