   -0.53544812
    0.70285379
   -0.44926183
   -0.30239637
    0.14164537
   -0.00360717
   -0.04900235
    0.00829013
   -0.03454876
   -0.02986622
   -0.03005092
   -0.03342936
    0.00951984
   -0.01116192
   -0.01191845
    0.14117044
   -0.30341936
   -0.00543069
   -0.04876926
    0.00777837
   -0.03449043
   -0.02982360
   -0.02990362
   -0.03349184
    0.00952729
    0.01229680
   -0.03733566
   -0.01183378
   -0.05454460
   -0.03478098
   -0.03716716
    0.02230623
   -0.03060836
   -0.02907366
   -0.03099318
   -0.03008503
   -0.02844095
    0.36192351
    0.04521523
    0.03800634
    0.03709361
    0.03573931
    0.03459338
    0.04623131
    0.03807623
    0.03773632
    0.03658630
    0.03534782
    0.03198740
    0.04268801
    0.04417457
    0.02649215
    0.03018406
    0.03258951
    0.03404521
    0.03314629
    0.03193107
    0.03368539
   -0.13828873
    0.12764288
   -0.23346102
    0.07502936
   -0.00028406
   -0.04064749
   -0.03842028
   -0.03405172
   -0.04688209
    0.00692162
   -0.03003109
   -0.02833174
   -0.02752475
   -0.02765053
   -0.02243746
    0.09916702
    0.06731552
    0.07360425
    0.05031531
    0.03336750
    0.03530016
    0.03469069
    0.02865626
    0.03236673
    0.03674026
    0.03663613
    0.04002286
    0.04365862
    0.03865917
   -0.27666380
    0.34617224
   -0.46389645
   -0.06429485
    0.08324074
   -0.13347909
   -0.12598176
    0.07903445
   -0.12448274
   -0.06430962
    0.34670915
   -0.47003002
   -0.27060748
    0.02767881
   -0.05586084
    0.06044222
    0.06673424
    0.05515442
    0.09057836
    0.06947205
    0.06420691
    0.19716969
    0.07808168
    0.06174603
    0.07613627
    0.07607620
    0.06593128
    0.05671731
    0.04059532
    0.07366824
