           1           2   1.7970997116779401     
           2           3   1.3287357048536903     
           2           4   1.1259347056762254     
           4           5  0.95867126844565365     
           5           6   1.2496472161750674     
           6           7   1.5133023536051509     
           7           8   1.2759676720814825     
           8           9   1.2805454646702294     
           9          10   1.5537025525303991     
          10          11   1.3243902050509828     
           9          12  0.11688791296762610     
          11          12   1.5498312248518376     
           8          13   1.2528828093022963     
          12          13   1.2878247728785932     
           5          14   1.4630487323161645     
           7          14  0.10307053412770914     
          13          14   1.2322822794849884     
          14          15   1.0314464298252655     
          15          16   1.4576134950985662     
           2          17   1.1085320366303935     
          16          17  0.96179137512424073     
          16          18   1.2487537600940266     
          15          19  0.10245112539690471     
          18          19   1.4991072492227437     
          19          20   1.2832477378441112     
          20          21   1.2772645055688217     
          21          22   1.5561596301142111     
          22          23   1.3221560244107180     
          21          24  0.11689572878665169     
          23          24   1.5515034080213121     
          15          25   1.2359130505574503     
          20          25   1.2505789620060057     
          24          25   1.2859064509821736     
           6          26   1.0152307651319006     
          26          27   1.7905894266952365     
          27          28  0.99134998842343303     
          28          29  0.98532783504871801     
          27          30  0.10718525033648661     
          29          30   1.0237208923607899     
          26          31   1.0748227775548398     
          30          31   1.8516950951718247     
          18          32   1.0372329375911513     
          32          33   1.3904881608161623     
          33          34   1.4504555063958413     
          32          35  0.10651893175651994     
          34          35   1.4347142883162689     
          33          36  0.10926371432025551     
          35          36   1.4366828518078432     
          32          37   1.3932230606964429     
          34          37  0.10937291413932447     
          36          37   1.4482793542931236     
           3          38  0.65265912434510009     
           7          39  0.96614859222074301     
           9          40  0.96785968177070425     
          10          41  0.97050009297821682     
          11          42  0.97071116897906118     
          12          43  0.96587624195444177     
          19          44  0.96525475766798841     
          21          45  0.96784082545052896     
          22          46  0.97046040087842034     
          23          47  0.97065263579548289     
          24          48  0.96582018670449810     
          27          49  0.96761460141525257     
          28          50  0.94273466509449122     
          29          51  0.96528466356535159     
          30          52  0.96601107951493126     
          31          53  0.96742966015085741     
          33          54  0.96938862301985584     
          34          55  0.97047115971954212     
          35          56  0.97135038217974889     
          36          57  0.97069178083830021     
          37          58  0.96977686982750644     
          59          60   1.0396571144123923     
          38          61  0.17488911794002673     
          60          61   1.7340694279903435     
          61          62   1.0695969980280664     
          28          63  0.99644414386014146     
          62          63   1.3479997245943174     
          63          64   1.4183986891888725     
          64          65   1.4405530523394230     
          63          66  0.10337390428652853     
          65          66   1.4259135989860694     
          62          67   1.3648346644946721     
          64          67  0.10387791075490843     
          66          67   1.4549279613117012     
          60          68   1.0177146103896924     
          68          69   1.3916663810737253     
          69          70   1.4493959718082567     
          68          71  0.10701384344781756     
          70          71   1.4349602807240927     
          69          72  0.10916415995667395     
          71          72   1.4363440134199565     
          68          73   1.3885767752814164     
          70          73  0.10945149185691450     
          72          73   1.4477652352178874     
          59          74  0.93658397989598696     
          59          75  0.95658715666040550     
          59          76  0.96737705899239790     
          29          77  0.94032593625263161     
          64          78  0.96692389563817205     
          65          79  0.97071650252598085     
          66          80  0.96979673033611258     
          67          81  0.96806466086643339     
          69          82  0.96788588412101251     
          70          83  0.97015481786437863     
          71          84  0.97106273731626847     
          72          85  0.96887679856503117     
          73          86  0.96284390063068093     
          87          88  0.96283920396684908     
          88          89   1.0901720655550009     
          88          90  0.15086036285472429     
          89          90   1.6567236612717693     
          89          91   1.0735662669194310     
          91          92   1.6213826299363008     
          92          93   1.0294522547312395     
          92          94   1.1469868489924193     
          94          95   1.1504718814796664     
          95          96   1.0300474759287237     
          95          97   1.6206523369560528     
          97          98   1.0692638880627372     
          98          99   1.6505014790709089     
          98         100   1.1067119160181702     
          99         100  0.15490633304300819     
         100         101  0.95775063017149376     
          91         102  0.99370215191202582     
          97         102  0.99674116934935042     
          87         103  0.97628490634757015     
          87         104  0.97860052670022735     
          87         105  0.97669146934355622     
          93         106  0.96770114712368505     
          93         107  0.96096164081942947     
          93         108  0.96540904692417406     
          94         109  0.92689553626254628     
          96         110  0.95640194437954196     
          96         111  0.97750503037859482     
          96         112  0.96580792289884199     
         101         113  0.96884629087637908     
         101         114  0.98084639341555035     
         101         115  0.97696519758083677     
         102         116  0.95408270615091728     
         102         117  0.96226795099862183     
