   -0.11812618
    0.12090129
   -0.22625819
    0.08198300
   -0.04720235
   -0.03221477
   -0.04127447
   -0.03223272
   -0.05028974
   -0.00889816
   -0.03147751
   -0.03072037
   -0.03677534
    0.01291740
   -0.03469181
   -0.02994128
   -0.03058908
   -0.03547902
    0.01171777
    0.06583533
    0.06357243
    0.06730777
    0.03167374
    0.02906189
    0.02624041
    0.02613489
    0.02160538
    0.02720326
    0.03375931
    0.03476736
    0.03409848
    0.03306684
    0.03243507
    0.03188937
