           1           2   1.7882959840693897     
           2           3   1.3125488286083167     
           2           4   1.0826603602229958     
           4           5  0.97444485012493232     
           5           6   1.2448271148923786     
           6           7   1.4951471716254252     
           7           8   1.2847712944024681     
           8           9   1.2763799924353354     
           9          10   1.5566493981747365     
          10          11   1.3217880698328628     
           9          12  0.11695433365274011     
          11          12   1.5518522240938273     
           8          13   1.2504094669243868     
          12          13   1.2859179215422583     
           5          14   1.4608369197681192     
           7          14  0.10200846522667401     
          13          14   1.2356842935450489     
          14          15   1.0296587512021191     
          15          16   1.4619180625156598     
           2          17   1.1289943057487830     
          16          17  0.95912017609675049     
          16          18   1.2469730995508439     
          15          19  0.10217502430967267     
          18          19   1.4973902005622952     
          19          20   1.2832707546279543     
          20          21   1.2771641371308240     
          21          22   1.5559538699580862     
          22          23   1.3224175611315374     
          21          24  0.11687585653131634     
          23          24   1.5511575540389484     
          15          25   1.2342572846235551     
          20          25   1.2510267001695849     
          24          25   1.2864637083772563     
           6          26   1.0449008410186875     
          26          27   1.3858196998330641     
          27          28   1.4532766310187077     
          26          29  0.10548676605811223     
          28          29   1.4307738214917733     
          27          30  0.10797040176130918     
          29          30   1.4371431923008247     
          26          31   1.3912756603656944     
          28          31  0.10855912316194560     
          30          31   1.4475148857311388     
          18          32   1.0397779783582073     
          32          33   1.3891571919802981     
          33          34   1.4510152296047809     
          32          35  0.10543969655655007     
          34          35   1.4318160831927442     
          33          36  0.10916348051852257     
          35          36   1.4375038543969472     
          32          37   1.3927132005918590     
          34          37  0.10937754062277918     
          36          37   1.4466118285771901     
           3          38  0.64610241967163173     
           7          39  0.96444378177570989     
           9          40  0.96784652083294054     
          10          41  0.97049519182423727     
          11          42  0.97070891087077171     
          12          43  0.96603866457788778     
          19          44  0.96478337851090301     
          21          45  0.96786497089387824     
          22          46  0.97049919449005517     
          23          47  0.97072883000135168     
          24          48  0.96600980156685168     
          27          49  0.96764692612692027     
          28          50  0.96966168718795531     
          29          51  0.97077998152521605     
          30          52  0.97008233405563915     
          31          53  0.96893587196341902     
          33          54  0.96937282646199574     
          34          55  0.97066658603394085     
          35          56  0.97155814460523837     
          36          57  0.97064532212526888     
          37          58  0.96958492192553991     
          59          60   1.0264518239453881     
          38          61  0.18275564067053754     
          60          61   1.7246559489794435     
          61          62   1.0907275342995537     
          62          63   1.3557538680546204     
          63          64   1.4589088373414714     
          64          65   1.4273258003829565     
          63          66  0.10532052755467652     
          65          66   1.4319027615591076     
          62          67   1.3543258966788145     
          64          67  0.10515669869530578     
          66          67   1.4543018347820371     
          60          68   1.0445664548456524     
          68          69   1.3796225240411362     
          69          70   1.4538384665203838     
          68          71  0.10341024972104722     
          70          71   1.4317958877397308     
          69          72  0.10606718228022205     
          71          72   1.4312949606777456     
          68          73   1.3781109046418041     
          70          73  0.10628655069278685     
          72          73   1.4547135788903305     
          59          74  0.96610793402843920     
          59          75  0.97020389667482132     
          59          76  0.94652466916444311     
          63          77  0.96553136608693402     
          64          78  0.97037639981766888     
          65          79  0.97144692980971281     
          66          80  0.96997343943988390     
          67          81  0.96047556125073486     
          69          82  0.96652174202143537     
          70          83  0.96926044739540385     
          71          84  0.97072255552914466     
          72          85  0.96993695007040159     
          73          86  0.96352104686180040     
          87          88  0.96575029203437179     
          88          89   1.0847074956956819     
          88          90  0.15234247707528592     
          89          90   1.6676933886416738     
          89          91   1.0711819664428095     
          91          92   1.6253519882006096     
          92          93   1.0387503325201730     
          92          94   1.1387212967867479     
          94          95   1.1701491298263660     
          95          96   1.0287351833210592     
          95          97   1.6019480034002667     
          97          98   1.0882940704555479     
          98          99   1.6516063037514277     
          98         100   1.0816712272132565     
          99         100  0.14830132257820247     
         100         101  0.96271110388375991     
          91         102   1.0008818162189177     
          97         102  0.99673192904155516     
          87         103  0.98102901257105557     
          87         104  0.97345463988327152     
          87         105  0.97732399346038124     
          93         106  0.96029813858078072     
          93         107  0.93732197038295562     
          93         108  0.97868025368718903     
          94         109  0.92407826577663021     
          96         110  0.96173588557876377     
          96         111  0.97851465447908970     
          96         112  0.96184187690767353     
         101         113  0.97400420570535184     
         101         114  0.97711295540927701     
         101         115  0.98095453513660424     
         102         116  0.95611458266133387     
         102         117  0.95465481906145566     
