           1           2   1.3067739301425569     
           2           3   1.4652838378738660     
           3           4   1.4241143072293097     
           4           5   1.4241153093138628     
           1           6   1.3067739897466240     
           5           6   1.4652833989319163     
           1           7  0.86965038277495443     
           2           8  0.96272137763846599     
           3           9  0.96475659988883777     
           4          10  0.96539769049924717     
           5          11  0.96475577138650359     
           6          12  0.96272181098134990     
