           1           2   1.7376860204032492     
           2           3   1.6202632799861831     
           2           4   1.0560801219115581     
           4           5  0.98910703703814207     
           5           6   1.2479474904979884     
           6           7   1.5030306696238580     
           7           8   1.2817529788599482     
           8           9   1.2779700664954281     
           9          10   1.5555683277111454     
          10          11   1.3218957617011724     
           9          12  0.11680796778925991     
          11          12   1.5523918512595003     
           8          13   1.2500147079587816     
          12          13   1.2850551040076001     
           5          14   1.4540360261834655     
           7          14  0.10274003257014755     
          13          14   1.2391723430798369     
          14          15   1.0295219301074290     
          15          16   1.4487093242769986     
           2          17   1.0445962403990530     
          16          17   1.0012217821374836     
          16          18   1.2387986016209138     
          15          19  0.10095942497931736     
          18          19   1.5003031901978865     
          19          20   1.2823080082560459     
          20          21   1.2777957182163118     
          21          22   1.5554744010948460     
          22          23   1.3215806317856169     
          21          24  0.11656608426126838     
          23          24   1.5524895154501737     
          15          25   1.2407062544282053     
          20          25   1.2495034931792330     
          24          25   1.2842033341115173     
           6          26   1.0319033867533398     
          26          27   1.3943193911820260     
          27          28   1.4486195246715066     
          26          29  0.10773120104059951     
          28          29   1.4362729391364093     
          27          30  0.10945141829964451     
          29          30   1.4342058433256497     
          26          31   1.3939253743770303     
          28          31  0.10892691490454526     
          30          31   1.4491269017432435     
          18          32   1.0408756908446524     
          32          33   1.3896975592727283     
          33          34   1.4510582137842400     
          32          35  0.10655854576841058     
          34          35   1.4333040838885447     
          33          36  0.10850047516274137     
          35          36   1.4350086288992212     
          32          37   1.3900819685703782     
          34          37  0.10863986111165945     
          36          37   1.4486410219520511     
           3          38  0.13023501642966295     
           7          39  0.96609333769737493     
           9          40  0.96814831475759400     
          10          41  0.97074265326218356     
          11          42  0.97097897276984857     
          12          43  0.96621649291855582     
          19          44  0.96504662247990058     
          21          45  0.96816019611068638     
          22          46  0.97078418713346992     
          23          47  0.97097814621075074     
          24          48  0.96653706221137337     
          27          49  0.96996856994350511     
          28          50  0.97052645080861222     
          29          51  0.97047405547437915     
          30          52  0.97020998556208149     
          31          53  0.97036680778264384     
          33          54  0.96926995146502604     
          34          55  0.97048689076380179     
          35          56  0.97122184620328789     
          36          57  0.96920588514249850     
          37          58  0.96958893239191113     
          59          60   1.0494238826163649     
          38          61  0.75007263968832616     
          60          61   1.5892488186357905     
          61          62   1.0433797060186785     
          62          63   1.3755456715230194     
          63          64   1.4443581464893100     
          64          65   1.4362201735079485     
          63          66  0.10533328567662416     
          65          66   1.4244697622189000     
          62          67   1.3646849852331298     
          64          67  0.10794833025272070     
          66          67   1.4571018563090636     
          60          68   1.0884983183488641     
          68          69   1.3550553222727941     
          69          70   1.4657801635031087     
          70          71   1.4200576049567315     
          69          72  0.10564137197506079     
          71          72   1.4345032166922305     
          68          73   1.3616806579638256     
          70          73  0.10224248621880404     
          72          73   1.4518073368403095     
          59          74  0.93337036356419922     
          59          75  0.96352553962199639     
          59          76  0.94786385762805925     
          63          77  0.96475650797578527     
          64          78  0.96847478018602962     
          65          79  0.96900929686895187     
          66          80  0.96740259855871846     
          67          81  0.95489934406890176     
          69          82  0.96647729032474716     
          70          83  0.96821184483604528     
          71          84  0.96959544098318484     
          72          85  0.96403412948540534     
          73          86  0.95714777400634254     
          87          88  0.96303642866528860     
          88          89   1.0765168775106988     
          88          90  0.14625680567843358     
          89          90   1.6526827368889419     
          89          91   1.0898144437022277     
          91          92   1.5984751877682464     
          92          93   1.0326089495635165     
          92          94   1.1689680451368498     
          94          95   1.1480352364383180     
          95          96   1.0299045142989891     
          95          97   1.6307605170358901     
          97          98   1.0662578551626758     
          98          99   1.6515207970820136     
          98         100   1.1025100353545167     
          99         100  0.15075528687775791     
         100         101  0.95607409382413444     
          91         102  0.99730868104404846     
          97         102  0.99193046276241703     
          87         103  0.98091848577077367     
          87         104  0.97463808432595223     
          87         105  0.97719697409169248     
          93         106  0.96756891730635541     
          93         107  0.95852312741018264     
          93         108  0.95804125520331151     
          94         109  0.92050206303410242     
          96         110  0.95820135588234190     
          96         111  0.96318715214626904     
          96         112  0.97143903929288000     
         101         113  0.97634421635161117     
         101         114  0.98077880414562990     
         101         115  0.97369908971173602     
         102         116  0.96103268097419059     
         102         117  0.95410848070056686     
