           1           2   1.0075802995976177     
           2           3   1.7613678837440181     
           3           4   1.1361517885694874     
           4           5   1.3401598402080075     
           5           6   1.4572762854717238     
           6           7   1.4307431430211475     
           5           8  0.10375263094376949     
           7           8   1.4255183699171405     
           4           9   1.3414773363510464     
           6           9  0.10516159369965791     
           8           9   1.4629570278846504     
           2          10   1.0632571989524189     
          10          11   1.3839604114948474     
          11          12   1.4540688991581117     
          12          13   1.4088303198533447     
          13          14   1.0292790517812902     
          11          15  0.10189357175584428     
          13          15   1.3879577678882329     
          10          16   1.3616804681896733     
          12          16  0.10139265324651046     
          15          16   1.4794330467890244     
           1          17  0.96809010654042416     
           1          18  0.98192289521992859     
           1          19  0.96386215508900852     
           5          20  0.97109653998416989     
           6          21  0.97033832268426068     
           7          22  0.97213649796331081     
           8          23  0.97049018292992550     
           9          24  0.97103006072078502     
          11          25  0.96656566920105624     
          12          26  0.96849313994678787     
          14          27  0.97154634333352718     
          14          28  0.98534156436461773     
          14          29  0.96854646621777651     
          15          30  0.96898235943577760     
          16          31  0.96581126547077834     
