           1           2   1.0062641020328240     
           2           3   1.7604209861321138     
           3           4   1.1397210332388814     
           4           5   1.3384204151244157     
           5           6   1.4571987043214736     
           6           7   1.4310548028038423     
           5           8  0.10317112345875362     
           7           8   1.4242770296485161     
           4           9   1.3406420509670032     
           6           9  0.10500415599982736     
           8           9   1.4646010635760165     
           2          10   1.0627181919808057     
          10          11   1.3831143481207095     
          11          12   1.4552970326933585     
          12          13   1.4077675793767774     
          13          14   1.0287030688284973     
          11          15  0.10177228052507753     
          13          15   1.3901192322687501     
          10          16   1.3632836095128267     
          12          16  0.10196092842139660     
          15          16   1.4772225998743658     
           1          17  0.96985855817388567     
           1          18  0.98164202790220567     
           1          19  0.96370758593362327     
           5          20  0.97093197363692296     
           6          21  0.97041856323404940     
           7          22  0.97222841339568222     
           8          23  0.97064484912190774     
           9          24  0.97088335151070293     
          11          25  0.96687908816141488     
          12          26  0.96878194466947543     
          14          27  0.97632989973367013     
          14          28  0.98427872771113045     
          14          29  0.96592238784443252     
          15          30  0.96893494756078713     
          16          31  0.96558036640281042     
