   -0.11854839
    0.11581095
   -0.22630760
    0.08399397
   -0.04889560
   -0.03250603
   -0.04236105
   -0.03197666
   -0.05020278
   -0.00484594
   -0.03371255
   -0.03600383
    0.01345238
   -0.03528832
   -0.02912819
   -0.02936618
   -0.03403606
    0.01277903
   -0.03177752
    0.06689005
    0.06678675
    0.05848712
    0.03018313
    0.02753656
    0.02484139
    0.02525441
    0.01777253
    0.03818359
    0.03656495
    0.03508137
    0.03414525
    0.03354230
    0.03250235
    0.03114864
