           1           2   1.0197584291440409     
           2           3   1.7761717061472577     
           3           4   1.1306396551303277     
           4           5   1.3446670371278282     
           5           6   1.4635873174534797     
           6           7   1.4251889870414718     
           5           8  0.10460874053718812     
           7           8   1.4301224113784259     
           4           9   1.3411159960935832     
           6           9  0.10332081288903075     
           8           9   1.4586110074409568     
           2          10   1.0243564260657976     
          10          11   1.2738132140120695     
          11          12   1.5706547267891355     
          12          13   1.2734122857771646     
          13          14   1.2827545726749685     
          14          15   1.5552853773870325     
          15          16   1.3197388046578400     
          14          17  0.11767276945334061     
          16          17   1.5594703656108193     
          13          18   1.2485903309933541     
          17          18   1.2747368525897200     
          10          19   1.4954928102228471     
          12          19  0.11048271265716673     
          18          19   1.2894472819582785     
           1          20  0.95567572291548997     
           1          21  0.98048144463773201     
           1          22  0.97293012140976309     
           5          23  0.97062558438123725     
           6          24  0.97063156449212984     
           7          25  0.97204299622588963     
           8          26  0.97033974999348815     
           9          27  0.97054780820377384     
          11          28  0.96748923224943928     
          12          29  0.96726275614418067     
          14          30  0.96822603109562966     
          15          31  0.97087642759197135     
          16          32  0.97079886927633319     
          17          33  0.96839465320922768     
          19          34  0.96459777314576323     
