           1           2   1.0189008487866080     
           2           3   1.7828163776199477     
           3           4   1.1295978437244574     
           4           5   1.3456414382564674     
           5           6   1.4638285883420488     
           6           7   1.4249530404709891     
           5           8  0.10477305862326292     
           7           8   1.4306552760576208     
           4           9   1.3420882326121841     
           6           9  0.10333222038306736     
           8           9   1.4580856482850701     
           2          10   1.0191833772748224     
          10          11   1.3895483860073305     
          11          12   1.4504906167628808     
          10          13  0.10623139499830389     
          12          13   1.4350125051787748     
          11          14  0.10855779159870343     
          13          14   1.4347196361590155     
          10          15   1.3889057878708202     
          12          15  0.10882146453452463     
          14          15   1.4506031185539587     
           1          16  0.98106402740226673     
           1          17  0.97225099232974033     
           1          18  0.95706566909930080     
           5          19  0.97053924919150503     
           6          20  0.97074341508776840     
           7          21  0.97210614215410585     
           8          22  0.97043599497091826     
           9          23  0.97032780423212073     
          11          24  0.96827622018002080     
          12          25  0.97036226345468535     
          13          26  0.97125636346926991     
          14          27  0.97044136433582473     
          15          28  0.96821617780980618     
