           1           2   1.0168661818682556     
           2           3   1.8104748304923832     
           3           4   1.1139989097063128     
           4           5   1.3528285940640075     
           5           6   1.4616435109657209     
           6           7   1.4261853140958967     
           5           8  0.10619836559604655     
           7           8   1.4334335557310480     
           4           9   1.3532093376137608     
           6           9  0.10455077141939409     
           8           9   1.4541255816548651     
           2          10  0.98950278713490880     
          10          11   1.5134554062828727     
          11          12   1.3242950247150993     
          10          13  0.11494775725445869     
          12          13   1.5541703760008352     
          13          14   1.2780616053961191     
          14          15   1.2786391488516933     
          15          16   1.5577803621685895     
          16          17   1.3213185600275823     
          15          18  0.11828123531696010     
          17          18   1.5552801498669591     
          10          19   1.2430737631896704     
          14          19   1.2539064543081222     
          18          19   1.2819382302606988     
           1          20  0.95846365090100782     
           1          21  0.96802582688328709     
           1          22  0.98080199806749135     
           5          23  0.97043445370884962     
           6          24  0.97070397447718804     
           7          25  0.97199607582627956     
           8          26  0.97066085825251025     
           9          27  0.96917525254085080     
          11          28  0.97037739184268101     
          12          29  0.96991549392587273     
          13          30  0.96825158073826367     
          15          31  0.96819193282832117     
          16          32  0.97091388483258068     
          17          33  0.97099763926396343     
          18          34  0.96586197516697780     
