   -0.11742398
    0.11482978
   -0.22005400
    0.08506334
   -0.04778337
   -0.03163179
   -0.04116912
   -0.03102099
   -0.04901371
   -0.00417956
   -0.03335952
   -0.03584970
    0.01398051
   -0.03497944
   -0.02882379
   -0.02899598
   -0.03371199
    0.01391120
   -0.03146516
    0.06369036
    0.06643154
    0.05552128
    0.03095700
    0.02623663
    0.02359567
    0.02405680
    0.01823424
    0.03548264
    0.03459786
    0.03345992
    0.03275885
    0.03237580
    0.03198503
    0.03229367
