           1           2   1.0186028524507622     
           2           3   1.7791964592496992     
           3           4   1.1303006532018589     
           4           5   1.3455011448803182     
           5           6   1.4633128722310609     
           6           7   1.4254483563346261     
           5           8  0.10453677559318081     
           7           8   1.4298794516058952     
           4           9   1.3412221089089937     
           6           9  0.10339582008072951     
           8           9   1.4589387962527931     
           2          10   1.0226302057381729     
          10          11   1.2743994363234763     
          11          12   1.5702174016569197     
          12          13   1.2736335925605518     
          13          14   1.2826496752210279     
          14          15   1.5553711525688019     
          15          16   1.3197188065702132     
          14          17  0.11769390289256067     
          16          17   1.5594720478924131     
          13          18   1.2486643766881620     
          17          18   1.2748130886041951     
          10          19   1.4961417186103525     
          12          19  0.11070308184930189     
          18          19   1.2893076713444596     
           1          20  0.95678694026106959     
           1          21  0.98059225544315376     
           1          22  0.97352192092872258     
           5          23  0.97057097938488712     
           6          24  0.97074199100742797     
           7          25  0.97212963199839542     
           8          26  0.97043180018076269     
           9          27  0.97038256180986404     
          11          28  0.96775591235801972     
          12          29  0.96739565326273058     
          14          30  0.96833829542251737     
          15          31  0.97098544718574464     
          16          32  0.97089369438264561     
          17          33  0.96843957789458468     
          19          34  0.96480785910342193     
