   -0.57050179
    0.62698680
   -0.57389517
   -0.31789837
    0.15557801
   -0.00196567
   -0.05249545
    0.00564325
   -0.03770922
   -0.03283215
   -0.03248558
   -0.03557318
    0.00921517
   -0.00996598
   -0.01174325
    0.15154909
   -0.31878028
   -0.00849515
   -0.05180689
    0.00506554
   -0.03642260
   -0.03284411
   -0.03230041
   -0.03535135
    0.01042596
    0.02933782
   -0.03644395
   -0.03464299
   -0.03494516
   -0.03159419
   -0.02898046
    0.02146316
   -0.03139470
   -0.03015244
   -0.03364823
   -0.03263287
   -0.03781196
    0.28256902
    0.03877138
    0.03482954
    0.03387323
    0.03157146
    0.03004927
    0.03845505
    0.03280105
    0.03245506
    0.03088337
    0.02801901
    0.04302130
    0.02150531
    0.03057029
    0.03030974
    0.02832102
    0.05056936
    0.02728161
    0.03024021
    0.03096113
    0.02797632
   -0.12960492
    0.13229049
   -0.07199738
    0.06635193
   -0.04124474
   -0.02728359
   -0.02548721
   -0.02145565
   -0.03881444
    0.00897539
   -0.02106154
   -0.02712114
   -0.01992554
   -0.01965765
   -0.01903514
    0.11536587
    0.08534379
    0.08033856
    0.06173146
    0.05303973
    0.04990677
    0.04774361
    0.06440784
    0.06696584
    0.05195353
    0.04906569
    0.04813302
    0.05619086
    0.03464921
   -0.27776745
    0.34570855
   -0.46426897
   -0.06742576
    0.08482535
   -0.13229022
   -0.12891142
    0.08129852
   -0.12911349
   -0.06615249
    0.34914686
   -0.47162084
   -0.27227201
    0.02999698
   -0.05619405
    0.07002454
    0.05666441
    0.06192089
    0.09005879
    0.06760028
    0.06880728
    0.19978646
    0.07969334
    0.07207631
    0.06638607
    0.05597565
    0.05952461
    0.07863507
    0.06893906
    0.04419809
