           1           2   1.7543447965619845     
           2           3   1.5871797798980962     
           2           4   1.0659356619319467     
           4           5  0.98273685843540559     
           5           6   1.2462708555112818     
           6           7   1.5052920801163394     
           7           8   1.2802425424973367     
           8           9   1.2791761779313804     
           9          10   1.5543647758746850     
          10          11   1.3230017994836087     
           9          12  0.11650618496307463     
          11          12   1.5508385344074946     
           8          13   1.2502674862107621     
          12          13   1.2870328418939341     
           5          14   1.4562402561879135     
           7          14  0.10185853907895831     
          13          14   1.2361817525705288     
          14          15   1.0320184636413305     
          15          16   1.4448679729910756     
           2          17   1.0386495576368302     
          16          17   1.0090937813590284     
          16          18   1.2348591271018925     
          18          19   1.5115166850048452     
          19          20   1.2770988571713584     
          20          21   1.2803620620518421     
          21          22   1.5533146596110390     
          22          23   1.3231819416531372     
          21          24  0.11628673348503887     
          23          24   1.5509444303767463     
          15          25   1.2380957275695736     
          20          25   1.2509453543692108     
          24          25   1.2854706886067035     
           6          26   1.0326823978513102     
          26          27   1.3909299542212064     
          27          28   1.4502793592460408     
          26          29  0.10737322658702031     
          28          29   1.4336085254426782     
          27          30  0.10937650770493682     
          29          30   1.4366786307564157     
          26          31   1.3960117741356868     
          28          31  0.10900889743035849     
          30          31   1.4473341810687990     
          18          32   1.0306111178527584     
          32          33   1.3965689238335028     
          33          34   1.4447864504078733     
          32          35  0.10728679280364087     
          34          35   1.4377675649425561     
          33          36  0.11039175576162046     
          35          36   1.4339969292001973     
          32          37   1.3925043605030762     
          34          37  0.10963886081725509     
          36          37   1.4495846547721423     
           3          38  0.15337506029589770     
           7          39  0.96574276946118931     
           9          40  0.96801743927391837     
          10          41  0.97072385551467433     
          11          42  0.97100046563299824     
          12          43  0.96590440663360688     
          19          44  0.96591323824910968     
          21          45  0.96824931024775029     
          22          46  0.97087311020597378     
          23          47  0.97101567830893565     
          24          48  0.96660086866355754     
          27          49  0.96490476766673527     
          28          50  0.96917715624364220     
          29          51  0.97028477238584498     
          30          52  0.97077141222038010     
          31          53  0.97042291275462178     
          33          54  0.96307981127155118     
          34          55  0.97098537064596369     
          35          56  0.97142870846665763     
          36          57  0.97065248498956458     
          37          58  0.96985383022505300     
          59          60   1.0461522546717048     
          38          61  0.72269320468576059     
          60          61   1.6160239664416098     
          61          62   1.0355855923586654     
          62          63   1.3811060816186709     
          63          64   1.4411873040918057     
          64          65   1.4395892351674591     
          63          66  0.10611451357631638     
          65          66   1.4264287411161993     
          62          67   1.3675241303041630     
          64          67  0.10976517813730786     
          66          67   1.4576800050005398     
          60          68   1.0741089445005989     
          68          69   1.3644478721730124     
          69          70   1.4602105830026866     
          70          71   1.4263698995156322     
          69          72  0.10690056440034687     
          71          72   1.4344112750065336     
          68          73   1.3678244038621843     
          70          73  0.10517131073036776     
          72          73   1.4512790034911673     
          59          74  0.92776827541316798     
          59          75  0.96971618854822006     
          59          76  0.96638570385243594     
          63          77  0.96106043474630520     
          64          78  0.96653918091598168     
          65          79  0.96978171259236901     
          66          80  0.96904013672604816     
          67          81  0.96039559903029625     
          69          82  0.96513669463100027     
          70          83  0.96851501123921357     
          71          84  0.97004348019468611     
          72          85  0.96600026521398197     
          73          86  0.95847082720428811     
          87          88  0.96260805389098780     
          88          89   1.0895079873930487     
          88          90  0.15097158212281528     
          89          90   1.6538292687431846     
          89          91   1.0785867797360962     
          91          92   1.6139309606201244     
          92          93   1.0305433511582396     
          92          94   1.1519834518660650     
          94          95   1.1442686039888164     
          95          96   1.0280667742155636     
          95          97   1.6276206861625639     
          97          98   1.0664045074637045     
          98          99   1.6473592156603811     
          98         100   1.1080518436619324     
          99         100  0.15155474322464241     
         100         101  0.95408699164632660     
          91         102  0.99602938916549988     
          97         102  0.99423060875780367     
          87         103  0.98080362934144283     
          87         104  0.97583499348317182     
          87         105  0.97688536524389580     
          93         106  0.96906566745230949     
          93         107  0.96143610045605166     
          93         108  0.96330927632283458     
          94         109  0.92837556793629261     
          96         110  0.97230657765698825     
          96         111  0.96160563104014840     
          96         112  0.96270937177166371     
         101         113  0.97712056658053892     
         101         114  0.98209449598632692     
         101         115  0.96294726418260779     
         102         116  0.96280719182874053     
         102         117  0.95433485681786578     
