           1           2  0.95988751240461101     
           2           3   1.1305499824131324     
           3           4   1.3346373219527021     
           4           5   1.4451233527655065     
           5           6   1.4384414748998182     
           6           7   1.3374525890420612     
           3           8   1.3475783844394027     
           7           8   1.3631829530250332     
           1           9  0.97381271638744427     
           1          10  0.97381123244502144     
           1          11  0.97517698671420272     
           4          12  0.95527237025710521     
           5          13  0.95704853827471803     
           6          14  0.95139734018437128     
           7          15  0.89338659719214164     
           8          16  0.94848440394685396     
