   -0.56279294
    0.61303541
   -0.57361831
   -0.31603230
    0.15544391
   -0.00338572
   -0.05104071
    0.00472546
   -0.03840014
   -0.03307171
   -0.03240645
   -0.03513009
    0.00907734
   -0.00898443
   -0.01118094
    0.15208348
   -0.31616239
   -0.00736393
   -0.05215246
    0.00522659
   -0.03650364
   -0.03288702
   -0.03245308
   -0.03586075
    0.01024296
    0.02621396
   -0.04090964
   -0.03555125
   -0.03440370
   -0.03116415
   -0.02871039
    0.02163543
   -0.03228648
   -0.03018910
   -0.03331125
   -0.03256294
   -0.03755666
    0.27925278
    0.03921892
    0.03562532
    0.03425589
    0.03167228
    0.02947930
    0.03848867
    0.03257237
    0.03250353
    0.03104666
    0.02804899
    0.04168039
    0.02391382
    0.03173091
    0.03106049
    0.02976903
    0.05240169
    0.02737528
    0.02938807
    0.02996811
    0.02770598
   -0.14551398
    0.12984074
   -0.07662771
    0.06609199
   -0.03924856
   -0.02118959
   -0.02511789
   -0.02582969
   -0.03802586
    0.00503534
   -0.02425963
   -0.02122880
   -0.02168513
   -0.02417789
   -0.02437722
    0.08783752
    0.08508750
    0.14449150
    0.06600866
    0.04933304
    0.05187622
    0.05859339
    0.04635316
    0.06588991
    0.05454625
    0.05306168
    0.05136893
    0.03990891
    0.03303830
   -0.27851230
    0.34642338
   -0.46231238
   -0.06747424
    0.08598307
   -0.13246926
   -0.12645451
    0.08345774
   -0.12630061
   -0.06738980
    0.34681146
   -0.47537224
   -0.27028232
    0.03001993
   -0.05175942
    0.06785339
    0.05304568
    0.06888004
    0.09016644
    0.07103524
    0.06828118
    0.20176415
    0.07767860
    0.06868937
    0.07263074
    0.05995197
    0.06200239
    0.07516337
    0.06099883
    0.04763861
