           1           2   1.7666105321255781     
           2           3   1.5868404896550206     
           2           4   1.0642632180865930     
           4           5  0.98496028414526293     
           5           6   1.2449056206389504     
           6           7   1.5035264440180658     
           7           8   1.2802400359558082     
           8           9   1.2785865254372142     
           9          10   1.5544785341962126     
          10          11   1.3227583309308750     
           9          12  0.11647002682549955     
          11          12   1.5510260567598477     
           8          13   1.2500997718814773     
          12          13   1.2867191667501039     
           5          14   1.4560300897256062     
           7          14  0.10173186987929730     
          13          14   1.2366228381363520     
          14          15   1.0316159090510870     
          15          16   1.4479646612945947     
           2          17   1.0467377706263739     
          16          17   1.0055340244998212     
          16          18   1.2339035967930805     
          18          19   1.5085799390781742     
          19          20   1.2783618446846305     
          20          21   1.2797760546938866     
          21          22   1.5535276357582541     
          22          23   1.3232200193292443     
          21          24  0.11624444793691596     
          23          24   1.5505885312440046     
          15          25   1.2365373845484267     
          20          25   1.2509293126994339     
          24          25   1.2861331040824457     
           6          26   1.0356863780538081     
          26          27   1.3915751222898856     
          27          28   1.4495963803612701     
          26          29  0.10697642500491568     
          28          29   1.4342895132572535     
          27          30  0.10894145650408056     
          29          30   1.4355386499739269     
          26          31   1.3932200292359684     
          28          31  0.10911537726647090     
          30          31   1.4490681456033938     
          18          32   1.0351009663315385     
          32          33   1.3965405113072880     
          33          34   1.4454612473105288     
          32          35  0.10645181253530245     
          34          35   1.4388389775309509     
          33          36  0.10982261918482605     
          35          36   1.4328560536333046     
          32          37   1.3898769210492441     
          34          37  0.10919532084154798     
          36          37   1.4515050205670430     
           3          38  0.15528336284469588     
           7          39  0.96393894070101727     
           9          40  0.96794219103051193     
          10          41  0.97070310624078426     
          11          42  0.97099694851509222     
          12          43  0.96621442467876084     
          19          44  0.96552418638231607     
          21          45  0.96823930263598668     
          22          46  0.97085694414150137     
          23          47  0.97101677739469916     
          24          48  0.96638910972781411     
          27          49  0.96372841247546404     
          28          50  0.96833278741866913     
          29          51  0.97031240891121717     
          30          52  0.97067059216769980     
          31          53  0.97024399670537698     
          33          54  0.96247798651552974     
          34          55  0.97100119553259723     
          35          56  0.97146348069984512     
          36          57  0.97071883790639191     
          37          58  0.96952751064347131     
          59          60   1.0638709842739911     
          38          61  0.72491487460110571     
          60          61   1.6170071556008472     
          61          62   1.0350553829307250     
          62          63   1.3749960250809521     
          63          64   1.4505450560766984     
          64          65   1.4327965071746698     
          63          66  0.10786795650280617     
          65          66   1.4318662081607409     
          62          67   1.3751877963743793     
          64          67  0.10716385743761553     
          66          67   1.4501528482562251     
          60          68   1.0521768946951480     
          68          69   1.3762061629862057     
          69          70   1.4519720268630583     
          68          71  0.10340345500107055     
          70          71   1.4333957610276424     
          69          72  0.10690507695918006     
          71          72   1.4306973087389656     
          68          73   1.3733893877380352     
          70          73  0.10771926697776923     
          72          73   1.4542182225642066     
          59          74  0.96275694520878452     
          59          75  0.96718421542849708     
          59          76  0.89176058834107463     
          63          77  0.96005184074362793     
          64          78  0.96903307739268763     
          65          79  0.96964605637304202     
          66          80  0.96660788266762110     
          67          81  0.96229700127982742     
          69          82  0.96523124211901301     
          70          83  0.96789177236557178     
          71          84  0.96964891376033635     
          72          85  0.96830976311687134     
          73          86  0.96898414046394965     
          87          88  0.96183658040861764     
          88          89   1.0927116415429092     
          88          90  0.15308557239112416     
          89          90   1.6542067622131580     
          89          91   1.0742400666145784     
          91          92   1.6200818005654190     
          92          93   1.0309849045377502     
          92          94   1.1476087109600899     
          94          95   1.1542033777722869     
          95          96   1.0296922473682375     
          95          97   1.6178040670640534     
          97          98   1.0763629356825895     
          98          99   1.6324333598646756     
          98         100   1.1083167864696137     
          99         100  0.15122220635207217     
         100         101  0.95503919056496867     
          91         102  0.99651532275912180     
          97         102  0.99493261116897336     
          87         103  0.97876643365243410     
          87         104  0.97529414283009985     
          87         105  0.97509910777286857     
          93         106  0.96874545420868630     
          93         107  0.95914687632271045     
          93         108  0.96506686834026001     
          94         109  0.92634226390583918     
          96         110  0.97299956848948765     
          96         111  0.96926925787793561     
          96         112  0.95428000743565233     
         101         113  0.97730336921013872     
         101         114  0.98049562803701906     
         101         115  0.96726354491162958     
         102         116  0.96459733873138909     
         102         117  0.95376164492764426     
