   -0.53218799
    0.73733832
   -0.45710071
   -0.32143968
    0.14060728
   -0.00867694
   -0.04921169
    0.00700705
   -0.03451648
   -0.02950629
   -0.02909284
   -0.03277770
    0.01070867
   -0.00956836
   -0.01181596
    0.14156898
   -0.29187737
   -0.00378471
   -0.05034859
    0.00757740
   -0.03485778
   -0.03014121
   -0.03026259
   -0.03427275
    0.00937048
    0.01693304
   -0.03583773
   -0.03133485
   -0.03169070
   -0.02951888
   -0.03051661
    0.02330324
   -0.03469234
   -0.03171516
   -0.03053371
   -0.01860699
   -0.01676107
    0.36671521
    0.04699814
    0.03826803
    0.03776822
    0.03635722
    0.03353461
    0.04627456
    0.03804656
    0.03744942
    0.03584573
    0.03282681
    0.03559592
    0.03453692
    0.03206522
    0.03124620
    0.03776411
    0.02914988
    0.03190909
    0.02998767
    0.03324632
    0.03406753
   -0.12192596
    0.12164779
   -0.23917693
    0.08197064
   -0.04336556
   -0.03076169
   -0.03891037
   -0.03065958
   -0.04572829
    0.00457908
   -0.02905095
   -0.03004747
   -0.02623823
   -0.02579844
   -0.02841276
    0.08454258
    0.05756523
    0.05004416
    0.04739436
    0.03319948
    0.03112339
    0.03176441
    0.03544214
    0.04159670
    0.04144931
    0.04160935
    0.04560642
    0.05394615
    0.03672836
   -0.27745970
    0.34531637
   -0.45293981
   -0.06094715
    0.08737753
   -0.13238507
   -0.11538077
    0.08016965
   -0.12752060
   -0.06732060
    0.34109486
   -0.47588532
   -0.28116652
    0.03771276
   -0.05328633
    0.06304170
    0.06059747
    0.05286504
    0.07857587
    0.10038701
    0.05247586
    0.19412564
    0.07987055
    0.06080595
    0.07878246
    0.05856135
    0.06883409
    0.05467882
    0.06748336
    0.03998208
