           1           2   1.8007314151193210     
           2           3   1.2926331776299782     
           2           4   1.0882428093225565     
           4           5  0.97058219687399749     
           5           6   1.2438367090716318     
           6           7   1.4927381521524037     
           7           8   1.2852159929721636     
           8           9   1.2761971277987036     
           9          10   1.5566767534974113     
          10          11   1.3217646845745634     
           9          12  0.11692985733264279     
          11          12   1.5517615808227949     
           8          13   1.2502774675856911     
          12          13   1.2857259292905179     
           5          14   1.4625765324541653     
           7          14  0.10164154089259446     
          13          14   1.2361404628514920     
          14          15   1.0284258548266376     
          15          16   1.4626777880923241     
           2          17   1.1256328944850289     
          16          17  0.95885360459702240     
          16          18   1.2480589439937197     
          15          19  0.10272602299750606     
          18          19   1.4984055402147449     
          19          20   1.2833619923055735     
          20          21   1.2771775264508838     
          21          22   1.5561174943902907     
          22          23   1.3222944794165126     
          21          24  0.11693151563136334     
          23          24   1.5514235199721158     
          15          25   1.2344480653142011     
          20          25   1.2508022907218841     
          24          25   1.2864690121654330     
           6          26   1.0479228044785234     
          26          27   1.3869824415082783     
          27          28   1.4514853467260855     
          26          29  0.10485610960603618     
          28          29   1.4333556631040425     
          27          30  0.10843617425307883     
          29          30   1.4341838559136868     
          26          31   1.3874458956347926     
          28          31  0.10775251893645968     
          30          31   1.4508278842011098     
          18          32   1.0371184743267412     
          32          33   1.3891070869289346     
          33          34   1.4513714507504234     
          32          35  0.10569943831599068     
          34          35   1.4322518021931925     
          33          36  0.10945511674918873     
          35          36   1.4381302254956865     
          32          37   1.3947994747658736     
          34          37  0.10961455715630149     
          36          37   1.4454676989459068     
           3          38  0.68152500476675537     
           7          39  0.96378834965945914     
           9          40  0.96784469438828846     
          10          41  0.97047613191094018     
          11          42  0.97067895915064573     
          12          43  0.96620951628651253     
          19          44  0.96509716731290451     
          21          45  0.96783297794202439     
          22          46  0.97048100599487697     
          23          47  0.97072549125428409     
          24          48  0.96587722405811327     
          27          49  0.96656929957604687     
          28          50  0.97004962243188797     
          29          51  0.97049429088710815     
          30          52  0.97048053210908281     
          31          53  0.96862627104513066     
          33          54  0.96963413278024091     
          34          55  0.97064004077797850     
          35          56  0.97144475090680760     
          36          57  0.97047242640700637     
          37          58  0.96977123802996557     
          59          60   1.0211018427789753     
          38          61  0.13841398133503044     
          60          61   1.7181581425918444     
          61          62   1.0900840576469903     
          62          63   1.3568223130815034     
          63          64   1.4502732688438682     
          64          65   1.4333556262872074     
          63          66  0.10522896705374164     
          65          66   1.4264172923837450     
          62          67   1.3588482595467779     
          64          67  0.10653622709697393     
          66          67   1.4594593742465687     
          60          68   1.0660077129844414     
          68          69   1.3730163127525128     
          69          70   1.4591903540011271     
          68          71  0.10011336107927996     
          70          71   1.4264707073054874     
          69          72  0.10560738006309084     
          71          72   1.4325642566923351     
          68          73   1.3750676802819899     
          70          73  0.10523876375087333     
          72          73   1.4542017301917047     
          59          74  0.94957959023606486     
          59          75  0.96193893887659976     
          59          76  0.97792629839606704     
          63          77  0.96642187216734821     
          64          78  0.97002242520900195     
          65          79  0.97157826148581794     
          66          80  0.97054573095135588     
          67          81  0.96604167887597014     
          69          82  0.96279825909929873     
          70          83  0.97024589755010360     
          71          84  0.97029384976087985     
          72          85  0.96894688000554152     
          73          86  0.95294738856175243     
          87          88  0.96642644431835656     
          88          89   1.0852123270472105     
          88          90  0.15154462634714627     
          89          90   1.6655263895575427     
          89          91   1.0728723983830968     
          91          92   1.6241009838481775     
          92          93   1.0374256191928422     
          92          94   1.1405424356036158     
          94          95   1.1694906289257847     
          95          96   1.0296168941601025     
          95          97   1.6014566671964627     
          97          98   1.0930282625880341     
          98          99   1.6417945089380153     
          98         100   1.0846716777826293     
          99         100  0.14673800620286351     
         100         101  0.96321352026550022     
          91         102   1.0003457248620129     
          97         102  0.99710850167693765     
          87         103  0.97942576024747552     
          87         104  0.97468127301002605     
          87         105  0.97742446354921464     
          93         106  0.96143588147513337     
          93         107  0.94134986855926495     
          93         108  0.97870993663932560     
          94         109  0.92433783200740660     
          96         110  0.96322472378864177     
          96         111  0.97833150095791588     
          96         112  0.95698534447023897     
         101         113  0.97709597472877596     
         101         114  0.98105476956429150     
         101         115  0.97466522852043846     
         102         116  0.95822549974686355     
         102         117  0.95513905907683738     
