           1           2   1.3456832516463721     
           2           3   1.4575415483026903     
           3           4   1.4239931343640200     
           4           5   1.4239914137928433     
           1           6   1.3456814578639436     
           5           6   1.4575432337728660     
           1           7  0.89582503185920304     
           2           8  0.95121865940196082     
           3           9  0.95724675054422603     
           4          10  0.95952865145892119     
           5          11  0.95723502452713782     
           6          12  0.95123167186367963     
