           1           2  0.97742154026968653     
           2           3   1.0497562158569871     
           3           4   1.2875609893984390     
           4           5   1.2948235162340211     
           5           6   1.5751146872529529     
           6           7   1.1932208842665055     
           3           8   1.4492903241130439     
           7           8   1.1858147156620253     
           1           9  0.97853349133340628     
           1          10  0.97853249604338610     
           1          11  0.98032201416397047     
           4          12  0.96849022290507758     
           5          13  0.97183691411764350     
           6          14  0.96852405034594924     
           7          15  0.93717810394990619     
           8          16  0.96803556861664131     
