   -0.11696896
    0.11254228
   -0.22045629
    0.08332905
   -0.04973630
   -0.03228201
   -0.04357009
   -0.03267826
   -0.05181574
    0.00181322
   -0.02972651
   -0.03465493
    0.01488787
   -0.03482427
   -0.02877418
   -0.03012086
   -0.03498156
    0.01238231
   -0.03791508
    0.05519894
    0.05767576
    0.04398408
    0.02777590
    0.02657108
    0.02368253
    0.02561806
    0.02276477
    0.05248862
    0.03755218
    0.03502452
    0.03375401
    0.03349325
    0.03460898
    0.04335761
