           1           2   1.0077409842697380     
           2           3   1.7616161448286372     
           3           4   1.1358832917519419     
           4           5   1.3417777546157117     
           5           6   1.4632918049597463     
           6           7   1.4252233371718019     
           5           8  0.10527248946952560     
           7           8   1.4311710434742670     
           4           9   1.3399466716576687     
           6           9  0.10366771786856875     
           8           9   1.4568912062886217     
           2          10   1.0603630874362078     
          10          11   1.2626209203726395     
          11          12   1.5836306124658917     
          12          13   1.2665399741435430     
          13          14   1.2870823834527896     
          14          15   1.5513639523845679     
          15          16   1.3217718803344489     
          14          17  0.11677294765351688     
          16          17   1.5574278372718289     
          13          18   1.2476305897299362     
          17          18   1.2759013571481959     
          10          19   1.4880646406423570     
          12          19  0.10578181712311251     
          18          19   1.2914284985439204     
           1          20  0.96976380220343117     
           1          21  0.96218688171841593     
           1          22  0.98148075807357360     
           5          23  0.97092192346472395     
           6          24  0.97045669668589818     
           7          25  0.97209617464616604     
           8          26  0.97026078631344781     
           9          27  0.97098933956825606     
          11          28  0.96519144304776727     
          12          29  0.96725539135250538     
          14          30  0.96818806191574636     
          15          31  0.97092041498031290     
          16          32  0.97084339912187290     
          17          33  0.96813753546381975     
          19          34  0.96349589859427853     
