           1           2   1.0194640993306054     
           2           3   1.7736784478279972     
           3           4   1.1323834837926279     
           4           5   1.3405558458818998     
           5           6   1.4586780448111418     
           6           7   1.4302077335746417     
           5           8  0.10310756483316397     
           7           8   1.4246424130409869     
           4           9   1.3442955989755643     
           6           9  0.10449793274902190     
           8           9   1.4643081621860954     
           2          10   1.0260963164188777     
          10          11   1.3855179641326272     
          11          12   1.4551960226368577     
          10          13  0.10174069332044426     
          12          13   1.4060646731387125     
          13          14   1.0280645033888629     
          11          15  0.10542725412594228     
          13          15   1.4000150672827849     
          10          16   1.3806378325554449     
          12          16  0.10420307392369951     
          15          16   1.4615131888281803     
           1          17  0.98114256619283891     
           1          18  0.95638321292189199     
           1          19  0.97244403969194471     
           5          20  0.97050098911097560     
           6          21  0.97037296605610479     
           7          22  0.97205713998466681     
           8          23  0.97069697182742176     
           9          24  0.97063930680364841     
          11          25  0.96791754368313321     
          12          26  0.96823152610668883     
          14          27  0.96576642178512684     
          14          28  0.97776205375129965     
          14          29  0.98362667759807076     
          15          30  0.96898354691568722     
          16          31  0.96784992845318452     
