           1           2   2.7572561589152729     
           2           3   1.1193115254957291     
           3           4   1.2178218594937440     
           4           5   1.3701573354879721     
           4           6  0.10345234379466972     
           5           6   1.5130218545230161     
           6           7   1.1337582436540112     
           3           8   1.4756750490273549     
           7           8   1.2108561271330920     
           4           9  0.97461550174458988     
           5          10  0.97410025174326464     
           6          11  0.97379753015859294     
           7          12  0.90061206032564201     
           8          13  0.97272544022911644     
