           1           2  0.90169339672431248     
           2           3   1.0855667002971490     
           3           4   1.3447415905949591     
           4           5   1.4439877000357859     
           5           6   1.4486641526693573     
           6           7   1.3019321611613000     
           3           8   1.3640402593787759     
           7           8   1.3210804788206902     
           1           9  0.97903098488074614     
           1          10  0.97902902065940844     
           1          11  0.97957026835887540     
           4          12  0.96287615722437525     
           5          13  0.96470276600275406     
           6          14  0.96321703563817029     
           7          15  0.86955783935143738     
           8          16  0.96062541121232603     
