           1           2   1.1842033271783214     
           2           3   1.5685853090319055     
           3           4   1.3113306915906184     
           4           5   1.3113339629020169     
           1           6   1.1842024124246975     
           5           6   1.5685829398374980     
           1           7  0.93928738334939343     
           2           8  0.96907934862237533     
           3           9  0.97172468221697228     
           4          10  0.97294943783361076     
           5          11  0.97172412869585045     
           6          12  0.96908010543737377     
