           1           2  0.99792026837126158     
           2           3   1.8257448326860772     
           3           4   1.1197838070879815     
           4           5   1.3482456534596654     
           5           6   1.4621567428391327     
           6           7   1.4259186275067914     
           5           8  0.10600635257158955     
           7           8   1.4325903415680694     
           4           9   1.3473185414401476     
           6           9  0.10426542093450303     
           8           9   1.4548952116931857     
           2          10  0.99905640200555168     
          10          11   1.5150375715779387     
          11          12   1.3237352592434752     
          10          13  0.11518448657845086     
          12          13   1.5547855981435241     
          13          14   1.2782469412307993     
          14          15   1.2785537144289434     
          15          16   1.5580664547851668     
          16          17   1.3209177008995145     
          15          18  0.11843598424110423     
          17          18   1.5563222633627001     
          10          19   1.2446908801959706     
          14          19   1.2542315681281144     
          18          19   1.2816226929489594     
           1          20  0.97205001594099016     
           1          21  0.98003955305428225     
           1          22  0.95870772536270088     
           5          23  0.97077498491059755     
           6          24  0.97071325540022635     
           7          25  0.97208527422325264     
           8          26  0.97049734388324516     
           9          27  0.97090114049989318     
          11          28  0.97011646330162715     
          12          29  0.96971473171670886     
          13          30  0.96813688377976415     
          15          31  0.96814377667378704     
          16          32  0.97088244576558214     
          17          33  0.97093042071561664     
          18          34  0.96642780686176111     
