2.069813163198746609e-06 2.148666989640053530e-06 2.270976887125300374e-07
2.905537600437006730e-06 2.693769060856369307e-07 4.013575272873286812e-07
1.130512846705194558e-07 -3.145711446651832961e-07 2.136559111944779299e-06
-3.970619023524826503e-07 7.754340941557545663e-08 -4.534453827511507806e-06
1.921205277908980599e-06 -1.900583423524978069e-09 1.506380004449140472e-06
1.480245210050716229e-06 -1.394763750874007321e-07 -1.437120137724130016e-07
8.124979792211643563e-07 5.533146154491100322e-07 4.676360951267302570e-07
1.255115939440367735e-06 -3.317370731095313670e-07 3.311737471660344416e-06
-1.689167361955976141e-07 -5.948952283724455361e-07 2.976558539956330757e-06
2.236448044365033604e-06 -4.454562835892674107e-07 1.429277497524283772e-07
8.810193453759351291e-07 -2.261678939714925271e-07 -4.843353932246175983e-07
1.166163359183692346e-06 -1.059103581842733323e-06 -1.083220743143365015e-06
8.678571018231532978e-07 -1.574510974489471668e-06 -2.347831088336913181e-07
8.363830401581754011e-07 -2.217385821813404323e-06 9.161803588887424549e-08
7.801672993848788804e-07 -2.362964189177828300e-06 2.687764948126403815e-07
1.365874315855624426e-06 4.011908417045795695e-07 -1.240624390778618299e-06
1.600391159875701381e-06 1.456921882092930470e-06 -2.472912933470410631e-07
1.959001359278581260e-06 1.247183139043613336e-06 -1.696930238868172777e-07
1.076183334461382939e-06 -7.526546449121949978e-07 -9.311759608288087292e-07
1.741986085376611001e-06 5.545807046111825983e-08 -7.060843110538927373e-07
1.311211939780980093e-06 3.296230984052848548e-07 1.303803043970290894e-06
7.924069902428870944e-07 2.265426291725599044e-07 2.668481929846846533e-06
5.324393519301094061e-07 -2.825770309490050793e-07 2.646218101941571652e-06
1.372339767557567399e-06 3.605438943529530853e-07 -1.263677636197390068e-06
1.003174934018866713e-06 -4.123142100609329458e-07 -1.493234636226363011e-06
3.718963725690932302e-07 -2.240677200221850507e-06 -3.953615159558011936e-07
3.947409532725773356e-07 -3.049018999073341979e-06 8.915576121578522566e-07
9.593739910457963903e-07 -2.033070836337269615e-06 8.096809906765268291e-07
