           1           2   1.0181029676080962     
           2           3   1.8098926966706868     
           3           4   1.1137659840885044     
           4           5   1.3522575455087562     
           5           6   1.4617778540379107     
           6           7   1.4260246086232660     
           5           8  0.10632211755521054     
           7           8   1.4337743972999031     
           4           9   1.3537303419798690     
           6           9  0.10458951735865371     
           8           9   1.4536651908939808     
           2          10  0.98897480039319552     
          10          11   1.5136645701653344     
          11          12   1.3242081794549498     
          10          13  0.11505367960121035     
          12          13   1.5541967197685895     
          13          14   1.2782588659249776     
          14          15   1.2785648813596620     
          15          16   1.5578669238457086     
          16          17   1.3212250842453324     
          15          18  0.11830989070656306     
          17          18   1.5554363500347408     
          10          19   1.2434775539434166     
          14          19   1.2537243108689133     
          18          19   1.2818072018793158     
           1          20  0.95746783148760317     
           1          21  0.96706469298593201     
           1          22  0.98069648128375664     
           5          23  0.97050963757838316     
           6          24  0.97057396655229544     
           7          25  0.97189842369015933     
           8          26  0.97056734241274434     
           9          27  0.96940179935745596     
          11          28  0.97042178610585428     
          12          29  0.96981378811718222     
          13          30  0.96814661028367011     
          15          31  0.96810072946353798     
          16          32  0.97082245747673879     
          17          33  0.97090452523098481     
          18          34  0.96579013610435016     
