   -0.58019497
    0.61634027
   -0.57619706
   -0.32066633
    0.15358690
   -0.00440665
   -0.05184493
    0.00639853
   -0.03645126
   -0.03214053
   -0.03195447
   -0.03545971
    0.01013205
   -0.00910533
   -0.01007512
    0.15134818
   -0.31941747
   -0.00897667
   -0.05209540
    0.00537469
   -0.03625407
   -0.03213693
   -0.03166569
   -0.03492377
    0.01001353
    0.02627043
   -0.03353963
   -0.03395040
   -0.03526812
   -0.03220092
   -0.03053289
    0.02238322
   -0.03580415
   -0.03134743
   -0.03177992
   -0.03033539
   -0.02945551
    0.27453744
    0.03786869
    0.03375961
    0.03376797
    0.03188414
    0.02909792
    0.04018839
    0.03399604
    0.03364817
    0.03175655
    0.02822972
    0.03070197
    0.03163181
    0.03358158
    0.03296821
    0.02945573
    0.03121436
    0.03286910
    0.03543184
    0.03107064
    0.03024748
   -0.13710928
    0.11887099
   -0.07262306
    0.06696362
   -0.03569805
   -0.02425962
   -0.02510699
   -0.02085660
   -0.03893641
    0.00078063
   -0.02758146
   -0.02565947
   -0.01261120
   -0.01372944
   -0.01583515
    0.09813049
    0.09228320
    0.10711933
    0.05836338
    0.05628751
    0.05415244
    0.05086983
    0.06765885
    0.05680970
    0.05433326
    0.05374347
    0.05436444
    0.06145082
    0.03581739
   -0.28692635
    0.33988193
   -0.46577805
   -0.07320291
    0.08903096
   -0.13456076
   -0.11026066
    0.08335806
   -0.13451427
   -0.07124485
    0.34422425
   -0.46847627
   -0.27570009
    0.03235957
   -0.05934629
    0.06960183
    0.05544590
    0.05949103
    0.08850894
    0.06741498
    0.06785603
    0.20519279
    0.07391703
    0.07568764
    0.07604599
    0.06198468
    0.07174836
    0.06373766
    0.07194577
    0.04301009
