   -0.56483396
    0.63209866
   -0.59157006
   -0.31575423
    0.15100586
   -0.01335491
   -0.05429285
    0.00237501
   -0.03665283
   -0.03173590
   -0.03093567
   -0.03465659
    0.00821534
   -0.01185241
   -0.01232655
    0.14930694
   -0.33829178
   -0.01138373
   -0.05027459
    0.00550722
   -0.03569680
   -0.03181766
   -0.03125226
   -0.03426102
    0.00983688
    0.01942858
   -0.04412998
   -0.03669157
   -0.03388953
   -0.02990073
   -0.02599711
    0.01919752
   -0.04096431
   -0.03554332
   -0.03453314
   -0.03199205
   -0.03721922
    0.27200499
    0.04055437
    0.03547208
    0.03643603
    0.03444771
    0.03060250
    0.03943499
    0.03383904
    0.03346451
    0.03192692
    0.02892550
    0.02413198
    0.03263793
    0.03463506
    0.03272833
    0.04031653
    0.05913914
    0.02916064
    0.03247912
    0.03322111
    0.03144975
   -0.13322247
    0.11590544
   -0.05856111
    0.06976868
   -0.03650767
   -0.02629502
   -0.02609762
   -0.02240780
   -0.04147824
   -0.00039044
   -0.02901195
   -0.02642350
   -0.01326601
   -0.01401651
   -0.03187341
    0.09494586
    0.08921998
    0.10862944
    0.06065860
    0.05671476
    0.05392659
    0.05070686
    0.07496587
    0.05843666
    0.05483380
    0.05104535
    0.04444945
    0.08284043
    0.03621560
   -0.28479383
    0.34112403
   -0.46598189
   -0.06860278
    0.09099434
   -0.13498378
   -0.10221951
    0.09088141
   -0.13521086
   -0.06845962
    0.34293755
   -0.47072717
   -0.27726309
    0.03406344
   -0.05358178
    0.06961838
    0.05487843
    0.06023256
    0.09200436
    0.06950588
    0.06358813
    0.19328692
    0.07917930
    0.06736969
    0.08166677
    0.06354094
    0.07223550
    0.05856329
    0.06198114
    0.04828515
