           1           2  0.99971659063740859     
           2           3   1.8267947868782033     
           3           4   1.1188519144860221     
           4           5   1.3480232840374833     
           5           6   1.4612361632408020     
           6           7   1.4266596607341375     
           5           8  0.10599183987849708     
           7           8   1.4321245534563893     
           4           9   1.3476262430493673     
           6           9  0.10453699171341305     
           8           9   1.4552653719319397     
           2          10  0.99730399526145663     
          10          11   1.5163553241292518     
          11          12   1.3231163158791810     
          10          13  0.11539963368257379     
          12          13   1.5552556150016110     
          13          14   1.2782071206180108     
          14          15   1.2786268720137315     
          15          16   1.5579526113516180     
          16          17   1.3210427874387261     
          15          18  0.11850309838570873     
          17          18   1.5562870411142560     
          10          19   1.2447132943904056     
          14          19   1.2540737233241046     
          18          19   1.2816608631378723     
           1          20  0.97129934476615842     
           1          21  0.98013079491658917     
           1          22  0.95774750029654254     
           5          23  0.97089013261131374     
           6          24  0.97057343601204082     
           7          25  0.97200578094726797     
           8          26  0.97041433193742432     
           9          27  0.97099563054680338     
          11          28  0.97015017170989493     
          12          29  0.96960863929569852     
          13          30  0.96802053568316748     
          15          31  0.96804860921095104     
          16          32  0.97079326066344940     
          17          33  0.97085111805290591     
          18          34  0.96642397714100237     
