           1           2   1.0201462383169659     
           2           3   1.7812090330167085     
           3           4   1.1288005300466504     
           4           5   1.3457657775474585     
           5           6   1.4639322948604756     
           6           7   1.4248337002899620     
           5           8  0.10492343383187230     
           7           8   1.4310482417474615     
           4           9   1.3428477324287655     
           6           9  0.10334453339223375     
           8           9   1.4575720504435217     
           2          10   1.0185695945473654     
          10          11   1.3896678350620300     
          11          12   1.4504413422994629     
          10          13  0.10630941141184103     
          12          13   1.4349986088950255     
          11          14  0.10876802931891721     
          13          14   1.4350951201896167     
          10          15   1.3895150924186992     
          12          15  0.10891219022574292     
          14          15   1.4500558333095883     
           1          16  0.98107914123680462     
           1          17  0.97102366694963838     
           1          18  0.95602093599213434     
           5          19  0.97055767203689902     
           6          20  0.97063650416671432     
           7          21  0.97199957522302982     
           8          22  0.97036064285394552     
           9          23  0.97040488651824952     
          11          24  0.96810423369904897     
          12          25  0.97020034170090486     
          13          26  0.97112903019471530     
          14          27  0.97034049282489376     
          15          28  0.96847797594528084     
