           1           2   1.7632065686268290     
           2           3   1.6267499093391151     
           2           4   1.0474308764143110     
           4           5   1.0019251518177608     
           5           6   1.2367060706773929     
           6           7   1.4929182764904179     
           7           8   1.2861848464181791     
           8           9   1.2756110317151068     
           9          10   1.5559649215968274     
          10          11   1.3212818233709676     
           9          12  0.11645343734432630     
          11          12   1.5513996025400794     
           8          13   1.2482055776916967     
          12          13   1.2857995425422291     
           5          14   1.4510789094159544     
          13          14   1.2368359376524372     
          14          15   1.0336525983410543     
          15          16   1.4476763462501809     
           2          17   1.0069534815211003     
          16          17   1.0060084573637009     
          16          18   1.2393040909488582     
          15          19  0.10079096353872050     
          18          19   1.5088118989840182     
          19          20   1.2784131176339502     
          20          21   1.2793703598057780     
          21          22   1.5541614600137197     
          22          23   1.3229589058198901     
          21          24  0.11660378445157654     
          23          24   1.5511852474555226     
          15          25   1.2370950243545249     
          20          25   1.2513223322495732     
          24          25   1.2855893102224187     
           6          26   1.0521470888448288     
          26          27   1.3798490336812477     
          27          28   1.4559592004645519     
          26          29  0.10450785150097867     
          28          29   1.4286840716570555     
          27          30  0.10754583333922153     
          29          30   1.4386836366616771     
          26          31   1.3901470723621319     
          28          31  0.10751239799940832     
          30          31   1.4470534306317770     
          18          32   1.0304004530352513     
          32          33   1.3954225070995221     
          33          34   1.4396026984247301     
          32          35  0.10720382374208812     
          34          35   1.4368458307250904     
          33          36  0.10922721279043528     
          35          36   1.4338181652856472     
          32          37   1.3918459003767256     
          34          37  0.10911979244353437     
          36          37   1.4494781265466177     
           7          39  0.96380502828821712     
           9          40  0.96790591880236432     
          10          41  0.97052753009106119     
          11          42  0.97084220143121236     
          12          43  0.96584049778114711     
          19          44  0.96588710840473568     
          21          45  0.96820501760186206     
          22          46  0.97079757320126259     
          23          47  0.97095350147413551     
          24          48  0.96662455104547407     
          27          49  0.96691133090013814     
          28          50  0.96953825760980994     
          29          51  0.97107685100780694     
          30          52  0.97070526931095946     
          31          53  0.96800058193522154     
          33          54  0.95813546106827918     
          34          55  0.96951277390786650     
          35          56  0.97126495992236161     
          36          57  0.97049341695901115     
          37          58  0.96959471761090876     
          59          60   1.0463419252485149     
          38          61  0.79942547289734012     
          60          61   1.5437552967334138     
          61          62   1.0608416668631055     
          62          63   1.3677532879824670     
          63          64   1.4469265562447429     
          64          65   1.4358962740833257     
          63          66  0.10346090352748671     
          65          66   1.4204268610931927     
          62          67   1.3547113494971181     
          64          67  0.10630374359710333     
          66          67   1.4644123800879156     
          60          68   1.1029319975344443     
          68          69   1.3451272561498708     
          69          70   1.4721825311851051     
          70          71   1.4148276996179816     
          69          72  0.10483386989970417     
          71          72   1.4336547405868469     
          68          73   1.3546133571078478     
          72          73   1.4522786110772370     
          59          74  0.93657422845884031     
          59          75  0.96640559984282004     
          59          76  0.95245171167802900     
          63          77  0.96180759222126766     
          64          78  0.96865059874923842     
          65          79  0.96948834610326928     
          66          80  0.96897578345626290     
          67          81  0.95413848346023389     
          69          82  0.96561427505703179     
          70          83  0.96808135821103658     
          71          84  0.96940382607272579     
          72          85  0.96782048746840510     
          73          86  0.94522936267013580     
          87          88  0.96345922533102235     
          88          89   1.0817446467327236     
          88          90  0.14781128400643906     
          89          90   1.6509667415569143     
          89          91   1.0861247185262890     
          91          92   1.5925384486908207     
          92          93   1.0315400775908066     
          92          94   1.1750110885178879     
          94          95   1.1557074492711128     
          95          96   1.0315652243804565     
          95          97   1.6186341922560894     
          97          98   1.0737013349080808     
          98          99   1.6488811834405310     
          98         100   1.0987930589701946     
          99         100  0.14937136026049819     
         100         101  0.95688186510362350     
          91         102   1.0025405850745375     
          97         102  0.99474475333540413     
          87         103  0.98104340775370968     
          87         104  0.97571222943896885     
          87         105  0.97703148885155189     
          93         106  0.96810413940250806     
          93         107  0.95472756957307436     
          93         108  0.96275584232334599     
          94         109  0.91646989514011556     
          96         110  0.97231851183140905     
          96         111  0.96066772021585001     
          96         112  0.95264666828178224     
         101         113  0.97649442626021510     
         101         114  0.98092996377767161     
         101         115  0.97410053886246806     
         102         116  0.94634705203754865     
         102         117  0.95590744421806317     
