   -0.57746136
    0.64151990
   -0.58722567
   -0.32318863
    0.15235659
   -0.00731263
   -0.05144900
    0.00598296
   -0.03604321
   -0.03164753
   -0.03125965
   -0.03456492
    0.00975084
   -0.01062907
   -0.01124304
    0.15218001
   -0.32676407
   -0.00676217
   -0.05120810
    0.00645909
   -0.03606538
   -0.03188058
   -0.03167880
   -0.03524162
    0.00968692
    0.02634028
   -0.03561224
   -0.03655753
   -0.03765274
   -0.03298287
   -0.02828145
    0.02771537
   -0.02826785
   -0.03080641
   -0.03514103
   -0.03440747
   -0.03107033
    0.27169486
    0.04069649
    0.03485541
    0.03436271
    0.03254875
    0.03089456
    0.03887480
    0.03399415
    0.03380093
    0.03223819
    0.03086615
    0.03471883
    0.03109079
    0.03194111
    0.02918918
    0.03393662
    0.03268859
    0.03321404
    0.03344735
    0.02906107
    0.03027867
   -0.14880761
    0.12379988
   -0.07447213
    0.06315859
   -0.04591590
   -0.02034315
   -0.02608211
   -0.02552079
   -0.03675705
    0.00280638
   -0.02608299
   -0.02502863
   -0.01752701
   -0.01825923
   -0.01865941
    0.09391369
    0.13114165
    0.10049272
    0.07712277
    0.05442226
    0.05391196
    0.05475075
    0.04695916
    0.05260623
    0.05580462
    0.05650521
    0.06829739
    0.04499611
    0.03655733
   -0.27444255
    0.34000105
   -0.48169380
   -0.07335129
    0.08504957
   -0.14246890
   -0.10930999
    0.08300143
   -0.14278517
   -0.07183091
    0.34125466
   -0.46664370
   -0.28229635
    0.03658117
   -0.06077580
    0.07083798
    0.05541910
    0.06116584
    0.08412502
    0.08697766
    0.06520787
    0.19920773
    0.08241961
    0.07226176
    0.08819189
    0.06260122
    0.06976762
    0.05655337
    0.07658893
    0.04061441
