           1           2   1.7313751667594202     
           2           3   1.5983427070411691     
           2           4   1.0498735721909358     
           4           5  0.99157978561830540     
           5           6   1.2458208547826446     
           6           7   1.4978101324882978     
           7           8   1.2849583160837679     
           8           9   1.2769692903792029     
           9          10   1.5565096803744860     
          10          11   1.3209775288103567     
           9          12  0.11666820825966204     
          11          12   1.5528522009489936     
           8          13   1.2481401164474393     
          12          13   1.2840404517791648     
           5          14   1.4494991695025905     
           7          14  0.10217412998274235     
          13          14   1.2426764270604944     
          14          15   1.0302660793450777     
          15          16   1.4481834605549255     
           2          17   1.0425454425552469     
          16          17  0.99205214915814854     
          16          18   1.2470426463390505     
          15          19  0.10265865644528389     
          18          19   1.5037506616385174     
          19          20   1.2825136692112227     
          20          21   1.2779544899166013     
          21          22   1.5558130115459512     
          22          23   1.3214938907836347     
          21          24  0.11673415887623348     
          23          24   1.5527484413715158     
          15          25   1.2421419862858409     
          20          25   1.2489445473561411     
          24          25   1.2841611742165777     
           6          26   1.0407974558391992     
          26          27   1.3881473729162654     
          27          28   1.4510192493701337     
          26          29  0.10618489586922097     
          28          29   1.4337209872487813     
          27          30  0.10891382891620471     
          29          30   1.4349791227778910     
          26          31   1.3916877839911301     
          28          31  0.10814576228203784     
          30          31   1.4494729362066112     
          18          32   1.0317829556477580     
          32          33   1.3913040108230783     
          33          34   1.4503237870908603     
          32          35  0.10740761949551124     
          34          35   1.4339425730326278     
          33          36  0.10967626136189115     
          35          36   1.4350802496812758     
          32          37   1.3969665352854634     
          34          37  0.10904312800144797     
          36          37   1.4450347696647370     
           3          38  0.11956999222137688     
           7          39  0.96549057771415958     
           9          40  0.96806140416489517     
          10          41  0.97071556967954642     
          11          42  0.97093319049389215     
          12          43  0.96633451048903785     
          19          44  0.96612977127438382     
          21          45  0.96812657874390984     
          22          46  0.97074794855477609     
          23          47  0.97094578301890033     
          24          48  0.96610121502822655     
          27          49  0.96893247632912605     
          28          50  0.97045892818293700     
          29          51  0.97028390662610542     
          30          52  0.97087220079101866     
          31          53  0.96959738247250427     
          33          54  0.96975438752056253     
          34          55  0.97007024121743224     
          35          56  0.97133912952639456     
          36          57  0.96886610952941599     
          37          58  0.97014574922651464     
          59          60   1.0655600033680521     
          38          61  0.76383178547132946     
          60          61   1.5771528954180680     
          61          62   1.0455833015999974     
          62          63   1.3744528428376528     
          63          64   1.4469634895764854     
          64          65   1.4370580454420361     
          63          66  0.10496720414100862     
          65          66   1.4251240452179210     
          62          67   1.3642203428520860     
          64          67  0.10720937686341550     
          66          67   1.4583810809422151     
          60          68   1.0717840650352037     
          68          69   1.3711876538447378     
          69          70   1.4556720453287189     
          70          71   1.4302997370169293     
          69          72  0.10451785098826366     
          71          72   1.4265198815168907     
          68          73   1.3568905256686963     
          70          73  0.10505302817427510     
          72          73   1.4590277044127655     
          59          74  0.96848402233769648     
          59          75  0.91223891983208516     
          59          76  0.93528329448673542     
          63          77  0.95116230402230317     
          64          78  0.96807555162126946     
          65          79  0.96937633378020938     
          66          80  0.96861406750692813     
          67          81  0.96526828736792891     
          69          82  0.96538474581067191     
          70          83  0.96823934540199574     
          71          84  0.96926287526486565     
          72          85  0.96403415443647822     
          73          86  0.96395924213596196     
          87          88  0.96228007928118420     
          88          89   1.0977715210115799     
          88          90  0.14572761439156970     
          89          90   1.6168577373489352     
          89          91   1.0977517746531875     
          91          92   1.5843338938570484     
          92          93   1.0365911678040676     
          92          94   1.1703578741611853     
          94          95   1.1569141482659275     
          95          96   1.0339714519359176     
          95          97   1.6023536465118895     
          97          98   1.0851882570826894     
          98          99   1.6509173362965588     
          98         100   1.0870181337243134     
          99         100  0.14719253292041173     
         100         101  0.95932039076518938     
          91         102  0.99637794402080770     
          97         102  0.99322864465390182     
          87         103  0.98103762576166964     
          87         104  0.97599756714767527     
          87         105  0.97656206547826041     
          93         106  0.97111405244682913     
          93         107  0.94142789349701783     
          93         108  0.95735221143973792     
          94         109  0.91907593879193161     
          96         110  0.96521605519123987     
          96         111  0.95121462688679281     
          96         112  0.95896812920241159     
         101         113  0.97676291749260813     
         101         114  0.98114754329991039     
         101         115  0.97707023235483270     
         102         116  0.96312019015719352     
         102         117  0.95494978840995282     
