           1           2   1.1464848909266798     
           2           3   1.5736297330701285     
           3           4   1.3162370617816248     
           4           5   1.3162389060867348     
           1           6   1.1464845191014896     
           5           6   1.5736285710886779     
           1           7  0.90980775963996618     
           2           8  0.97500101018268293     
           3           9  0.97577965985225767     
           4          10  0.97509369601593465     
           5          11  0.97577940614144298     
           6          12  0.97500117652410412     
