   -0.11720186
    0.11946934
   -0.22074024
    0.08324308
   -0.04604229
   -0.03135181
   -0.04008638
   -0.03128539
   -0.04926605
   -0.00819016
   -0.03080704
   -0.03019899
   -0.03645587
    0.01371360
   -0.03438229
   -0.02955387
   -0.03029227
   -0.03531193
    0.01248102
    0.06287344
    0.06019485
    0.06654908
    0.03248949
    0.02764543
    0.02489459
    0.02481651
    0.02202817
    0.02739731
    0.03264289
    0.03326072
    0.03269919
    0.03183953
    0.03131679
    0.03161144
