           1           2   1.0075605065527018     
           2           3   1.7599722867250180     
           3           4   1.1372224054621825     
           4           5   1.3397581245861190     
           5           6   1.4571292329586529     
           6           7   1.4309513447469966     
           5           8  0.10355175014500799     
           7           8   1.4250318769769543     
           4           9   1.3410865097862104     
           6           9  0.10513486015925427     
           8           9   1.4635784038210362     
           2          10   1.0633852754123678     
          10          11   1.3823955480978853     
          11          12   1.4561043582793234     
          12          13   1.4069080675133396     
          13          14   1.0293218658502732     
          11          15  0.10155889489018077     
          13          15   1.3897961986871630     
          10          16   1.3630907675408939     
          12          16  0.10175961648237340     
          15          16   1.4773791475478304     
           1          17  0.96845730798632879     
           1          18  0.98185076072505395     
           1          19  0.96356024221659509     
           5          20  0.97105373111291959     
           6          21  0.97033958217744032     
           7          22  0.97213467359370009     
           8          23  0.97050479789812449     
           9          24  0.97099075798878420     
          11          25  0.96658002266976673     
          12          26  0.96866474859980534     
          14          27  0.97617304124311388     
          14          28  0.98400456974587103     
          14          29  0.96522518025477744     
          15          30  0.96882012901859182     
          16          31  0.96580927552192719     
