           1           2   2.7259669862474158     
           2           3   1.1162755066049119     
           3           4   1.2117542692657244     
           4           5   1.3921384309866376     
           5           6   1.4668459680236887     
           6           7   1.1836660510603931     
           3           8   1.4368225521691573     
           7           8   1.2571976913223879     
           4           9  0.97239195498353814     
           5          10  0.96977957263226466     
           6          11  0.96754967296782912     
           7          12  0.92788997263781325     
           8          13  0.96659310754472727     
