   -0.11614895
    0.11157597
   -0.21485557
    0.08430451
   -0.04809855
   -0.03125724
   -0.04200595
   -0.03178186
   -0.05087146
    0.00258708
   -0.02933480
   -0.03443560
    0.01526897
   -0.03447515
   -0.02851329
   -0.02976520
   -0.03469360
    0.01264211
   -0.03796134
    0.05186133
    0.05462313
    0.04461614
    0.02937807
    0.02558337
    0.02270810
    0.02435336
    0.02289504
    0.05413511
    0.03616707
    0.03373932
    0.03254589
    0.03225158
    0.03280900
    0.04015339
