           1           2   2.8405705176025196     
           2           3   1.0721897441010255     
           3           4   1.3600944775534116     
           4           5   1.4323194059260691     
           5           6   1.4471037925521371     
           6           7   1.3464745840064476     
           3           8   1.3944185394932653     
           5           8  0.10142178458195758     
           7           8   1.3584562496622343     
           4           9  0.95689371544930402     
           5          10  0.95243107458259912     
           6          11  0.94611289694757295     
           7          12  0.88743139735118060     
           8          13  0.94851683116563879     
