           1           2  0.92826517841747824     
           2           3   1.0165171012183554     
           3           4   1.2914964516803060     
           4           5   1.3023966345410045     
           5           6   1.5785477028098063     
           6           7   1.1590803890300849     
           3           8   1.4630932768512395     
           7           8   1.1460748242305396     
           1           9  0.98182743506962422     
           1          10  0.98182593144469399     
           1          11  0.98402976948665966     
           4          12  0.97060570281265057     
           5          13  0.97543410824224563     
           6          14  0.97473491626716624     
           7          15  0.90894552818596852     
           8          16  0.97377855002367997     
