           1           2   2.8395688415110474     
           2           3   1.0877356204430788     
           3           4   1.3600939692774412     
           4           5   1.4341443960956002     
           5           6   1.4544035991818993     
           6           7   1.3065586619797229     
           3           8   1.4009953599201355     
           7           8   1.3193962915460378     
           4           9  0.96307055272824749     
           5          10  0.96209853572161697     
           6          11  0.96043064231620301     
           7          12  0.86349908744452009     
           8          13  0.95981559513277570     
