           1           2   1.0062613268439975     
           2           3   1.7600510796274556     
           3           4   1.1401593691826848     
           4           5   1.3381943934636580     
           5           6   1.4572380825708033     
           6           7   1.4310445811616543     
           5           8  0.10312225585635426     
           7           8   1.4241823564039970     
           4           9   1.3404823211180881     
           6           9  0.10497582301190139     
           8           9   1.4647367689718414     
           2          10   1.0627973739571503     
          10          11   1.3812202743308128     
          11          12   1.4578222471919191     
          12          13   1.4054084075655802     
          13          14   1.0287397608166537     
          11          15  0.10136031385430001     
          13          15   1.3923965569825223     
          10          16   1.3650846780002308     
          12          16  0.10239358722813809     
          15          16   1.4747175274606730     
           1          17  0.96989360544362313     
           1          18  0.98164275817241431     
           1          19  0.96367866567584048     
           5          20  0.97092395611234661     
           6          21  0.97041727673976486     
           7          22  0.97222955752802209     
           8          23  0.97064934797386315     
           9          24  0.97087722381454389     
          11          25  0.96686706095911679     
          12          26  0.96898372325194637     
          14          27  0.97929374219609044     
          14          28  0.98254445173668370     
          14          29  0.96465925539789121     
          15          30  0.96873988602459526     
          16          31  0.96558195183171946     
