           1           2   1.0064897198752332     
           2           3   1.7607501756297872     
           3           4   1.1383475027495051     
           4           5   1.3413209069669239     
           5           6   1.4644707581913272     
           6           7   1.4243577625628050     
           5           8  0.10513527204204801     
           7           8   1.4313053985367379     
           4           9   1.3387307351720041     
           6           9  0.10322549930772258     
           8           9   1.4569220121879756     
           2          10   1.0602572818704179     
          10          11   1.2623976408476203     
          11          12   1.5838080761555891     
          12          13   1.2664336535762204     
          13          14   1.2871254783754984     
          14          15   1.5513211048372006     
          15          16   1.3218293305726545     
          14          17  0.11672988031789554     
          16          17   1.5572961144907254     
          13          18   1.2477527123929013     
          17          18   1.2760848107453353     
          10          19   1.4884149762933658     
          12          19  0.10575349636770999     
          18          19   1.2910719341651551     
           1          20  0.97080522785685541     
           1          21  0.96269168835003138     
           1          22  0.98123724444526517     
           5          23  0.97078525051205944     
           6          24  0.97059149582867021     
           7          25  0.97217623366644701     
           8          26  0.97034550750462989     
           9          27  0.97082250287853877     
          11          28  0.96496454307399082     
          12          29  0.96734639855824489     
          14          30  0.96828419685494649     
          15          31  0.97101624815671628     
          16          32  0.97094467104932414     
          17          33  0.96826121442179536     
          19          34  0.96382332352793565     
