   -0.53740793
    0.72791274
   -0.46154697
   -0.32241916
    0.14164487
   -0.00812515
   -0.04895759
    0.00696258
   -0.03462958
   -0.02980153
   -0.02936234
   -0.03321522
    0.01034981
   -0.01066282
   -0.01137747
    0.14146507
   -0.28812426
   -0.00360762
   -0.05054130
    0.00744865
   -0.03494941
   -0.03019758
   -0.03034653
   -0.03392736
    0.00951257
    0.01832098
   -0.03454873
   -0.02979253
   -0.03164179
   -0.03104332
   -0.03047782
    0.02457286
   -0.03449538
   -0.03183970
   -0.03095655
   -0.01985798
   -0.01577310
    0.36083117
    0.04620344
    0.03789947
    0.03736530
    0.03596931
    0.03342286
    0.04644377
    0.03787337
    0.03724462
    0.03569561
    0.03291307
    0.03467350
    0.03302843
    0.03068967
    0.03016638
    0.03890173
    0.03022591
    0.03184115
    0.02933033
    0.03096445
    0.03488294
   -0.13023533
    0.11726174
   -0.22345657
    0.08179495
   -0.04840638
   -0.03107840
   -0.03750534
   -0.02821065
   -0.04481332
    0.00443179
   -0.02508989
   -0.02823764
   -0.02448390
   -0.02629446
   -0.02188565
    0.07259659
    0.06511993
    0.07182273
    0.03992933
    0.03312712
    0.03238560
    0.03486387
    0.05331673
    0.03852988
    0.04087130
    0.04126998
    0.03940112
    0.03791715
    0.03507965
   -0.27848327
    0.34449593
   -0.44806423
   -0.06202008
    0.08731640
   -0.13538682
   -0.11739774
    0.07895311
   -0.12540683
   -0.07009033
    0.34110394
   -0.47028909
   -0.28188433
    0.03589586
   -0.05439726
    0.06283471
    0.06506674
    0.05216878
    0.07806442
    0.10522169
    0.05235407
    0.19533297
    0.08030952
    0.06094833
    0.07566049
    0.06247866
    0.05341862
    0.06741818
    0.06876723
    0.04045849
