           1           2   1.7632067876031396     
           2           3   1.6267500141640436     
           2           4   1.0474309849402148     
           4           5   1.0019251687959716     
           5           6   1.2367060534493042     
           6           7   1.4929182973277966     
           7           8   1.2861848406101388     
           8           9   1.2756110338404996     
           9          10   1.5559649174496777     
          10          11   1.3212818278376635     
           9          12  0.11645343608112446     
          11          12   1.5513995933303579     
           8          13   1.2482055815111877     
          12          13   1.2857995473846540     
           5          14   1.4510789134195026     
          13          14   1.2368359412452075     
          14          15   1.0336525953472957     
          15          16   1.4476763355690547     
           2          17   1.0069535224958779     
          16          17   1.0060084654875694     
          16          18   1.2393041002992962     
          15          19  0.10079097195965531     
          18          19   1.5088118929288825     
          19          20   1.2784131173523157     
          20          21   1.2793703574180242     
          21          22   1.5541614658561826     
          22          23   1.3229589010758678     
          21          24  0.11660378356082994     
          23          24   1.5511852491571938     
          15          25   1.2370950278291637     
          20          25   1.2513223329738890     
          24          25   1.2855893112434571     
           6          26   1.0521470874350243     
          26          27   1.3798490337332330     
          27          28   1.4559592054599360     
          26          29  0.10450785694790882     
          28          29   1.4286840687223838     
          27          30  0.10754583192831219     
          29          30   1.4386836371812046     
          26          31   1.3901470720306082     
          28          31  0.10751239887409764     
          30          31   1.4470534381836220     
          18          32   1.0304004544122785     
          32          33   1.3954225166499505     
          33          34   1.4396026915940028     
          32          35  0.10720382139621375     
          34          35   1.4368458341791521     
          33          36  0.10922721281145677     
          35          36   1.4338181651261341     
          32          37   1.3918458970085092     
          34          37  0.10911979740071935     
          36          37   1.4494781258727725     
           7          39  0.96380503391765204     
           9          40  0.96790592367965567     
          10          41  0.97052753364464484     
          11          42  0.97084220263421339     
          12          43  0.96584049523224624     
          19          44  0.96588710950329260     
          21          45  0.96820501989532093     
          22          46  0.97079757611521689     
          23          47  0.97095350400190183     
          24          48  0.96662455044358764     
          27          49  0.96691133457143952     
          28          50  0.96953826367452267     
          29          51  0.97107685141686351     
          30          52  0.97070526337387164     
          31          53  0.96800057527338312     
          33          54  0.95813544862056177     
          34          55  0.96951277037729999     
          35          56  0.97126496000655549     
          36          57  0.97049341971057745     
          37          58  0.96959471950893095     
          59          60   1.0463419326795667     
          38          61  0.79942546968597705     
          60          61   1.5437552891175159     
          61          62   1.0608416370760498     
          62          63   1.3677533167088305     
          63          64   1.4469265380477210     
          64          65   1.4358962931777997     
          63          66  0.10346090588407822     
          65          66   1.4204268657442989     
          62          67   1.3547113669629047     
          64          67  0.10630375460720548     
          66          67   1.4644123836477352     
          60          68   1.1029319694802637     
          68          69   1.3451272917595620     
          69          70   1.4721825084975866     
          70          71   1.4148277245372014     
          69          72  0.10483388215945408     
          71          72   1.4336547676666631     
          68          73   1.3546133800727624     
          72          73   1.4522785898347825     
          59          74  0.93657424957435920     
          59          75  0.96640561008256065     
          59          76  0.95245172533098454     
          63          77  0.96180760166347601     
          64          78  0.96865060262088021     
          65          79  0.96948834008242413     
          66          80  0.96897577382939271     
          67          81  0.95413847234524785     
          69          82  0.96561428343451416     
          70          83  0.96808135964582021     
          71          84  0.96940382177545625     
          72          85  0.96782048515481978     
          73          86  0.94522936039269101     
          87          88  0.96345924458849996     
          88          89   1.0817446466217653     
          88          90  0.14781127860528395     
          89          90   1.6509667429319015     
          89          91   1.0861246685275026     
          91          92   1.5925385463617279     
          92          93   1.0315400670260697     
          92          94   1.1750110169587138     
          94          95   1.1557073712230961     
          95          96   1.0315652169284180     
          95          97   1.6186342909948173     
          97          98   1.0737012718392562     
          98          99   1.6488812658579957     
          98         100   1.0987930456517609     
          99         100  0.14937136276237958     
         100         101  0.95688185994452446     
          91         102   1.0025405853431810     
          97         102  0.99474475587102584     
          87         103  0.98104341074926027     
          87         104  0.97571223109346161     
          87         105  0.97703148920786165     
          93         106  0.96810413708423737     
          93         107  0.95472757024783106     
          93         108  0.96275584269759562     
          94         109  0.91646985990019525     
          96         110  0.97231850253202168     
          96         111  0.96066771386200867     
          96         112  0.95264665283477412     
         101         113  0.97649442530361696     
         101         114  0.98092995934502014     
         101         115  0.97410053831279031     
         102         116  0.94634705247455153     
         102         117  0.95590744410319595     
