   -0.51331531
    0.70449270
   -0.41504911
   -0.28416258
    0.13389239
   -0.00486764
   -0.04529183
    0.00873999
   -0.03294527
   -0.02744766
   -0.02753596
   -0.03168114
    0.00919320
   -0.01066861
   -0.01376573
    0.13566726
   -0.29815689
   -0.00573776
   -0.04592973
    0.00788125
   -0.03298131
   -0.02784276
   -0.02789506
   -0.03182546
    0.00864816
    0.01615425
   -0.03374686
   -0.03027118
   -0.03051232
   -0.02906958
   -0.02894721
    0.01679398
   -0.03347933
   -0.02836685
   -0.03056621
   -0.02996537
   -0.03459984
    0.35937834
    0.05169036
    0.04225676
    0.04179143
    0.04039354
    0.03729633
    0.05117197
    0.04181969
    0.04144671
    0.04019481
    0.03610045
    0.03589313
    0.03644381
    0.03578967
    0.03489499
    0.03582369
    0.04621942
    0.03307951
    0.03437160
    0.03549326
    0.03361193
