           1           2   1.8362930767357288     
           2           3   1.2131975794200249     
           2           4   1.1851801643627893     
           4           5  0.93363155133947773     
           5           6   1.2521304950019028     
           6           7   1.4971292525296023     
           7           8   1.2833900087973116     
           8           9   1.2767261974455322     
           9          10   1.5562560828212066     
          10          11   1.3230524695575285     
           9          12  0.11721470057000175     
          11          12   1.5502954426231228     
           8          13   1.2521428262232763     
          12          13   1.2883240643160223     
           5          14   1.4703872595704852     
           7          14  0.10321783177562353     
          13          14   1.2286372261121328     
          14          15   1.0321673054454379     
          15          16   1.4620251909455924     
           2          17   1.1383222517381395     
          16          17  0.94596702795713794     
          16          18   1.2505122150728589     
          15          19  0.10294211469268204     
          18          19   1.5032280778351437     
          19          20   1.2807287017749345     
          20          21   1.2774050537468395     
          21          22   1.5558238428535403     
          22          23   1.3229851887559647     
          21          24  0.11719897636392093     
          23          24   1.5507437812825942     
          15          25   1.2304689927879569     
          20          25   1.2530322680272967     
          24          25   1.2868657371319885     
           6          26   1.0375906462616244     
          26          27   1.3895679647051653     
          27          28   1.4508499263010628     
          26          29  0.10632466596093046     
          28          29   1.4344410497179596     
          27          30  0.10944314998072872     
          29          30   1.4371135520328395     
          26          31   1.3933925720788243     
          28          31  0.10934518062643539     
          30          31   1.4478049973265397     
          18          32   1.0282776462691072     
          32          33   1.3995868872837396     
          33          34   1.4441742039997969     
          32          35  0.10721325217180930     
          34          35   1.4396566975041827     
          33          36  0.11030388773825520     
          35          36   1.4340033601459572     
          32          37   1.3921263840583249     
          34          37  0.11019782190084618     
          36          37   1.4502569070254996     
           3          38  0.84317323565332880     
           7          39  0.96475898034550267     
           9          40  0.96749580734235563     
          10          41  0.97009753535020860     
          11          42  0.97036362133181597     
          12          43  0.96531221482504259     
          19          44  0.96499071173139106     
          21          45  0.96760083265821550     
          22          46  0.97017089741380491     
          23          47  0.97036841724981637     
          24          48  0.96601887333183911     
          27          49  0.96910979848844958     
          28          50  0.97029848555742881     
          29          51  0.97117366020460782     
          30          52  0.97051184132510659     
          31          53  0.96960503926885955     
          33          54  0.96342422141115447     
          34          55  0.97062646418004961     
          35          56  0.97118723122167583     
          36          57  0.97033426142206958     
          37          58  0.96955789385005930     
