           1           2   1.7632031201683742     
           2           3   1.6267461069975071     
           2           4   1.0474296247368080     
           4           5   1.0019255101295146     
           5           6   1.2367059336658768     
           6           7   1.4929183855165866     
           7           8   1.2861848665992761     
           8           9   1.2756109845158141     
           9          10   1.5559648930674141     
          10          11   1.3212819089097085     
           9          12  0.11645345796668310     
          11          12   1.5513995040952397     
           8          13   1.2482054938120768     
          12          13   1.2857995912531390     
           5          14   1.4510788132833627     
          13          14   1.2368360107982446     
          14          15   1.0336526673385107     
          15          16   1.4476763899566962     
           2          17   1.0069509247278989     
          16          17   1.0060086153400476     
          16          18   1.2393044194703040     
          15          19  0.10079110569924743     
          18          19   1.5088114920426459     
          19          20   1.2784133144589780     
          20          21   1.2793702501437560     
          21          22   1.5541615271524685     
          22          23   1.3229588700068760     
          21          24  0.11660385763929197     
          23          24   1.5511853628237371     
          15          25   1.2370949944624587     
          20          25   1.2513222999143059     
          24          25   1.2855892292769271     
           6          26   1.0521471796209734     
          26          27   1.3798489904232876     
          27          28   1.4559591726637531     
          26          29  0.10450780446877100     
          28          29   1.4286840675562029     
          27          30  0.10754582888814408     
          29          30   1.4386836550879780     
          26          31   1.3901470574399599     
          28          31  0.10751240465697985     
          30          31   1.4470533670031460     
          18          32   1.0304005303057380     
          32          33   1.3954227135188209     
          33          34   1.4396026498536982     
          32          35  0.10720380369960518     
          34          35   1.4368458564201962     
          33          36  0.10922720818923673     
          35          36   1.4338181571277853     
          32          37   1.3918458344410702     
          34          37  0.10911988454273142     
          36          37   1.4494781318568237     
           7          39  0.96380496813627059     
           9          40  0.96790589719588294     
          10          41  0.97052742160963579     
          11          42  0.97084212758334487     
          12          43  0.96584043905464068     
          19          44  0.96588701677838773     
          21          45  0.96820494533173618     
          22          46  0.97079749958711070     
          23          47  0.97095345855247417     
          24          48  0.96662458241134297     
          27          49  0.96691127523681675     
          28          50  0.96953818319888296     
          29          51  0.97107681355975806     
          30          52  0.97070531938886850     
          31          53  0.96800062264014664     
          33          54  0.95813539915718116     
          34          55  0.96951280958073560     
          35          56  0.97126501389713538     
          36          57  0.97049344806395055     
          37          58  0.96959470255840452     
          59          60   1.0463420413556539     
          38          61  0.79942651189979830     
          60          61   1.5437538682137997     
          61          62   1.0608415427034248     
          62          63   1.3677532726983275     
          63          64   1.4469266886737180     
          64          65   1.4358959586107372     
          63          66  0.10346077559777582     
          65          66   1.4204266305192936     
          62          67   1.3547115903123534     
          64          67  0.10630350850556748     
          66          67   1.4644123449953872     
          60          68   1.1029325562582222     
          68          69   1.3451268407995771     
          69          70   1.4721824882504175     
          70          71   1.4148278033734794     
          69          72  0.10483368699396227     
          71          72   1.4336542365308707     
          68          73   1.3546129848149429     
          72          73   1.4522793272265238     
          59          74  0.93657408139069276     
          59          75  0.96640533690097563     
          59          76  0.95245136970378363     
          63          77  0.96180724760112879     
          64          78  0.96865052757860581     
          65          79  0.96948848953808819     
          66          80  0.96897594277882781     
          67          81  0.95413844922361979     
          69          82  0.96561429503757767     
          70          83  0.96808131347595694     
          71          84  0.96940380072017218     
          72          85  0.96782039112553608     
          73          86  0.94522927286803626     
          87          88  0.96345929593105550     
          88          89   1.0817453105887402     
          88          90  0.14781164624894372     
          89          90   1.6509662873560396     
          89          91   1.0861255357938691     
          91          92   1.5925373315277884     
          92          93   1.0315402419989086     
          92          94   1.1750112885535637     
          94          95   1.1557080495235599     
          95          96   1.0315652752538629     
          95          97   1.6186330600598677     
          97          98   1.0737021218377412     
          98          99   1.6488807063396980     
          98         100   1.0987932984824742     
          99         100  0.14937162532479531     
         100         101  0.95688198695815274     
          91         102   1.0025405427900884     
          97         102  0.99474475962555253     
          87         103  0.98104342001656397     
          87         104  0.97571223931775275     
          87         105  0.97703153245396557     
          93         106  0.96810402453750088     
          93         107  0.95472748745074543     
          93         108  0.96275582088250067     
          94         109  0.91647059771332939     
          96         110  0.97231855496546171     
          96         111  0.96066787629732464     
          96         112  0.95264677627425043     
         101         113  0.97649444695571519     
         101         114  0.98093006897391399     
         101         115  0.97410054743165175     
         102         116  0.94634690572061309     
         102         117  0.95590742287045671     
