   -0.56483752
    0.63210511
   -0.59157181
   -0.31575684
    0.15100732
   -0.01335524
   -0.05429300
    0.00237454
   -0.03665226
   -0.03173720
   -0.03093565
   -0.03465704
    0.00821534
   -0.01185305
   -0.01232579
    0.14930725
   -0.33829347
   -0.01138348
   -0.05027551
    0.00550692
   -0.03569750
   -0.03181788
   -0.03125280
   -0.03426017
    0.00983705
    0.01942860
   -0.04413075
   -0.03669205
   -0.03388950
   -0.02990005
   -0.02599624
    0.01919753
   -0.04096386
   -0.03554273
   -0.03453277
   -0.03199145
   -0.03721913
    0.27200419
    0.04055453
    0.03547328
    0.03643812
    0.03444906
    0.03060239
    0.03943498
    0.03383978
    0.03346579
    0.03192758
    0.02892491
    0.02413277
    0.03263916
    0.03463503
    0.03272651
    0.04031434
    0.05913730
    0.02915889
    0.03247842
    0.03322126
    0.03144999
   -0.13322470
    0.11590465
   -0.05856013
    0.06976826
   -0.03650951
   -0.02629439
   -0.02609761
   -0.02240599
   -0.04147781
   -0.00039150
   -0.02901174
   -0.02642384
   -0.01326539
   -0.01401621
   -0.03187283
    0.09494811
    0.08922194
    0.10863121
    0.06066033
    0.05671659
    0.05392704
    0.05070515
    0.07496289
    0.05843833
    0.05483550
    0.05104600
    0.04444810
    0.08283770
    0.03621503
   -0.28479276
    0.34112296
   -0.46597908
   -0.06860211
    0.09099459
   -0.13498259
   -0.10221831
    0.09088185
   -0.13520800
   -0.06845932
    0.34293642
   -0.47072417
   -0.27726302
    0.03406356
   -0.05358203
    0.06961871
    0.05487855
    0.06023242
    0.09200422
    0.06950379
    0.06358639
    0.19328442
    0.07917760
    0.06736664
    0.08166332
    0.06354093
    0.07223474
    0.05856332
    0.06198210
    0.04828643
