           1           2   1.7632031201684226     
           2           3   1.6267461069975302     
           2           4   1.0474296247371753     
           4           5   1.0019255101292812     
           5           6   1.2367059336650559     
           6           7   1.4929183855175880     
           7           8   1.2861848665984472     
           8           9   1.2756109845163739     
           9          10   1.5559648930672951     
          10          11   1.3212819089097803     
           9          12  0.11645345796641826     
          11          12   1.5513995040946704     
           8          13   1.2482054938120948     
          12          13   1.2857995912540567     
           5          14   1.4510788132844368     
          13          14   1.2368360107973708     
          14          15   1.0336526673384081     
          15          16   1.4476763899566050     
           2          17   1.0069509247279196     
          16          17   1.0060086153402605     
          16          18   1.2393044194700265     
          15          19  0.10079110569910495     
          18          19   1.5088114920429472     
          19          20   1.2784133144589267     
          20          21   1.2793702501429791     
          21          22   1.5541615271537443     
          22          23   1.3229588700055412     
          21          24  0.11660385763903347     
          23          24   1.5511853628250678     
          15          25   1.2370949944628062     
          20          25   1.2513222999148426     
          24          25   1.2855892292760025     
           6          26   1.0521471796207986     
          26          27   1.3798489904231843     
          27          28   1.4559591726639853     
          26          29  0.10450780446871828     
          28          29   1.4286840675558741     
          27          30  0.10754582888814444     
          29          30   1.4386836550884110     
          26          31   1.3901470574403250     
          28          31  0.10751240465705787     
          30          31   1.4470533670027048     
          18          32   1.0304005303057149     
          32          33   1.3954227135196304     
          33          34   1.4396026498529306     
          32          35  0.10720380369976562     
          34          35   1.4368458564210436     
          33          36  0.10922720818913986     
          35          36   1.4338181571267294     
          32          37   1.3918458344399967     
          34          37  0.10911988454265524     
          36          37   1.4494781318580476     
           7          39  0.96380496813628047     
           9          40  0.96790589719584386     
          10          41  0.97052742160964578     
          11          42  0.97084212758345134     
          12          43  0.96584043905462325     
          19          44  0.96588701677838751     
          21          45  0.96820494533169321     
          22          46  0.97079749958713901     
          23          47  0.97095345855249060     
          24          48  0.96662458241131166     
          27          49  0.96691127523677656     
          28          50  0.96953818319890150     
          29          51  0.97107681355975717     
          30          52  0.97070531938889038     
          31          53  0.96800062264012876     
          33          54  0.95813539915722001     
          34          55  0.96951280958072861     
          35          56  0.97126501389716846     
          36          57  0.97049344806389271     
          37          58  0.96959470255844982     
          59          60   1.0463420413557618     
          38          61  0.79942651189997971     
          60          61   1.5437538682137502     
          61          62   1.0608415427033668     
          62          63   1.3677532726989967     
          63          64   1.4469266886725392     
          64          65   1.4358959586118327     
          63          66  0.10346077559801861     
          65          66   1.4204266305186399     
          62          67   1.3547115903120812     
          64          67  0.10630350850562739     
          66          67   1.4644123449957085     
          60          68   1.1029325562579924     
          68          69   1.3451268408001051     
          69          70   1.4721824882500201     
          70          71   1.4148278033736923     
          69          72  0.10483368699388751     
          71          72   1.4336542365306695     
          68          73   1.3546129848146635     
          72          73   1.4522793272268613     
          59          74  0.93657408139063725     
          59          75  0.96640533690095110     
          59          76  0.95245136970376276     
          63          77  0.96180724760114644     
          64          78  0.96865052757861725     
          65          79  0.96948848953809097     
          66          80  0.96897594277885646     
          67          81  0.95413844922361990     
          69          82  0.96561429503757346     
          70          83  0.96808131347599580     
          71          84  0.96940380072018362     
          72          85  0.96782039112549501     
          73          86  0.94522927286801950     
          87          88  0.96345929593107704     
          88          89   1.0817453105886843     
          88          90  0.14781164624898843     
          89          90   1.6509662873564088     
          89          91   1.0861255357935287     
          91          92   1.5925373315280622     
          92          93   1.0315402419987751     
          92          94   1.1750112885533475     
          94          95   1.1557080495239833     
          95          96   1.0315652752538176     
          95          97   1.6186330600592691     
          97          98   1.0737021218381488     
          98          99   1.6488807063387061     
          98         100   1.0987932984830588     
          99         100  0.14937162532472611     
         100         101  0.95688198695795490     
          91         102   1.0025405427902072     
          97         102  0.99474475962567843     
          87         103  0.98104342001655753     
          87         104  0.97571223931779949     
          87         105  0.97703153245395424     
          93         106  0.96810402453753075     
          93         107  0.95472748745084157     
          93         108  0.96275582088253187     
          94         109  0.91647059771325912     
          96         110  0.97231855496547936     
          96         111  0.96066787629736905     
          96         112  0.95264677627423588     
         101         113  0.97649444695572107     
         101         114  0.98093006897393353     
         101         115  0.97410054743166863     
         102         116  0.94634690572056046     
         102         117  0.95590742287035813     
