           1           2   1.0075771269725446     
           2           3   1.7609505857319083     
           3           4   1.1363793901597672     
           4           5   1.3401435845976304     
           5           6   1.4571795518823034     
           6           7   1.4308507577047893     
           5           8  0.10368407076108963     
           7           8   1.4253379600116696     
           4           9   1.3413645783206678     
           6           9  0.10516727751725698     
           8           9   1.4631811304011799     
           2          10   1.0632450760211989     
          10          11   1.3803464292102718     
          11          12   1.4589492082394200     
          12          13   1.4042509007345441     
          13          14   1.0293719997703012     
          11          15  0.10112808011720961     
          13          15   1.3924282475307252     
          10          16   1.3652864906150877     
          12          16  0.10225764030624299     
          15          16   1.4744598983963484     
           1          17  0.96827847134657752     
           1          18  0.98188434566065308     
           1          19  0.96369494086702645     
           5          20  0.97108046808402082     
           6          21  0.97034241457680859     
           7          22  0.97213534288375913     
           8          23  0.97049316389074813     
           9          24  0.97101634122538760     
          11          25  0.96655812496942661     
          12          26  0.96888256238653692     
          14          27  0.97942747787194673     
          14          28  0.98198433918685213     
          14          29  0.96393161647801784     
          15          30  0.96860311347208938     
          16          31  0.96584013850285066     
