   -0.11513532
    0.11982081
   -0.21405022
    0.08367816
   -0.04767758
   -0.03104985
   -0.04163725
   -0.03150251
   -0.05015825
    0.00135749
   -0.02926394
   -0.02957998
   -0.03612159
    0.01430915
   -0.03441293
   -0.02947778
   -0.02967667
   -0.03379955
    0.01288964
    0.05402316
    0.04687561
    0.05786289
    0.02894970
    0.02653688
    0.02396787
    0.02564447
    0.02282333
    0.03309958
    0.03580775
    0.03559234
    0.03419368
    0.03276109
    0.03203305
    0.03131677
