-1.918127236550957256e-06 1.842152359896997299e-07 -3.650100600852708552e-06
-9.136489700122874848e-07 1.063112079945679588e-06 -1.835655215897338149e-06
-5.078081829918161452e-07 -3.486697188880981575e-07 -2.239623596462530131e-06
-1.464808111530883222e-06 -1.028409021915002025e-07 4.567119305245396360e-07
-3.949878172651837688e-07 -1.919772289669328382e-06 -6.873916881670237783e-07
3.914019872818712623e-07 -1.875643305157968419e-06 1.267179255192557846e-06
1.139926344443308818e-06 -1.297002829022943183e-06 1.843050773415408914e-06
7.455048709030802530e-07 4.947777413446326645e-07 2.014019335785195361e-06
4.328103995219286133e-07 1.518437459816846576e-08 3.758150049117526918e-07
-7.391662472745535659e-07 2.819894862896024580e-07 -2.170026394498038649e-08
-3.177761622217374279e-07 1.219573414920746470e-06 -8.914652254338352585e-07
3.406912944651260648e-07 1.211566549338868306e-06 -1.797691268806868173e-07
4.243538149652898404e-07 -4.665384584278211601e-07 1.689023944905876200e-06
8.090954028821531127e-07 -1.205547223312019439e-06 7.458525324295466052e-07
1.751358173497077550e-07 -1.302602352693720076e-06 9.878328620138753305e-08
-2.177276708622205093e-06 2.790986173593164223e-07 -3.660663533345695443e-06
-1.789557824413070956e-06 -1.715025663233643149e-07 -3.647264661400963616e-06
-1.314385355288648491e-06 1.653886515972209864e-06 -3.198257377365790557e-06
-7.770148002509053888e-07 -2.787318205188326183e-06 -9.024359734963985531e-07
2.062154843768336087e-07 -3.158850937665151843e-06 1.203021461658576575e-06
1.482646084996602754e-06 -1.201226110392119174e-06 2.877063036319822817e-06
1.484030860689317349e-06 1.289815956602219024e-06 2.384500053010171891e-06
5.575498526425720636e-07 1.657672091386966904e-06 2.766400023988509552e-07
-5.289520116953801924e-07 2.448664768440978953e-06 -1.533912447907161895e-06
4.438430397384236781e-07 2.118340446354290249e-06 1.594033269298203654e-07
1.051206734808959940e-06 1.244200109500113831e-07 1.885807966857792916e-06
7.817802769964689335e-07 -2.017534162354178142e-06 1.938449195441714753e-06
-4.601452204704067081e-07 -1.857131865240385670e-06 7.405743894007849742e-08
