           1           2   1.0182513517446421     
           2           3   1.7764538557777456     
           3           4   1.1328273027034212     
           4           5   1.3401135047435864     
           5           6   1.4591057803389442     
           6           7   1.4298770048256966     
           5           8  0.10310687470174981     
           7           8   1.4247998511765299     
           4           9   1.3444647242271806     
           6           9  0.10439481923942619     
           8           9   1.4641760906457462     
           2          10   1.0254698495765779     
          10          11   1.3862515168857803     
          11          12   1.4545533973231166     
          10          13  0.10184108763405125     
          12          13   1.4068193223620413     
          13          14   1.0275515253946876     
          11          15  0.10548259198939702     
          13          15   1.4000517744101226     
          10          16   1.3804576554919004     
          12          16  0.10430429087737793     
          15          16   1.4617850227772591     
           1          17  0.98123002289251882     
           1          18  0.95748908965767765     
           1          19  0.97319821402783835     
           5          20  0.97040319063578728     
           6          21  0.97046201974599844     
           7          22  0.97216553700983011     
           8          23  0.97080903133100072     
           9          24  0.97061397964257845     
          11          25  0.96809768692700171     
          12          26  0.96837107426084490     
          14          27  0.96633049401690652     
          14          28  0.97790364176268141     
          14          29  0.98386932209655487     
          15          30  0.96907319709298201     
          16          31  0.96774691480275588     
